<?xml version="1.0"?>

<KARMA ka_file_version="1.0">
	<ASSET id="Bloat_Trip" graphic="Bloat_Trip.PSK" scale="0.02" mass_scale="1" length_scale="1">
		<GEOMETRY id="chr_head">
			<PRIMITIVE id="chr_head_1" type="sphyl">
				<RADIUS>0.1347826</RADIUS>
				<HEIGHT>0.04252286</HEIGHT>
				<TM>0.8971465,0.4417328,-1.025644e-007,0,-7.106973e-007,1.675285e-006,0.9999999,0,0.4417328,-0.8971465,1.817233e-006,0,0.009391748,-0.01907462,3.863697e-008,1</TM>
			</PRIMITIVE>
		</GEOMETRY>
		<GEOMETRY id="chr_headjaw">
			<PRIMITIVE id="chr_headjaw_1" type="sphere">
				<RADIUS>0.05769347</RADIUS>
				<TM>1,0,0,0,0,1,0,0,0,0,1,0,0.1107484,-0.06288648,2.479553e-007,1</TM>
			</PRIMITIVE>
		</GEOMETRY>
		<GEOMETRY id="chr_l_tit">
			<PRIMITIVE id="chr_l_tit_1" type="sphere">
				<RADIUS>0.08318517</RADIUS>
				<TM>1,0,0,0,0,1,0,0,0,0,1,0,-0.001936779,0.05538297,0.04128681,1</TM>
			</PRIMITIVE>
		</GEOMETRY>
		<GEOMETRY id="chr_lankle">
			<PRIMITIVE id="chr_lankle_1" type="sphyl">
				<RADIUS>0.08431762</RADIUS>
				<HEIGHT>0.2369879</HEIGHT>
				<TM>-0.1777625,-0.9772459,0.115719,0,0.08525161,-0.1324427,-0.9875175,0,0.9803737,-0.1656784,0.1068552,0,0.1161684,-0.01963189,0.01266172,1</TM>
			</PRIMITIVE>
		</GEOMETRY>
		<GEOMETRY id="chr_larmcollar">
			<PRIMITIVE id="chr_larmcollar_1" type="sphyl">
				<RADIUS>0.02754479</RADIUS>
				<HEIGHT>0.2663061</HEIGHT>
				<TM>4.300481e-007,0.1352375,0.990813,0,-2.797455e-007,-0.9908131,0.1352375,0,0.9999999,-3.361129e-007,-3.802427e-007,0,0.133153,-5.044324e-008,-5.301264e-008,1</TM>
			</PRIMITIVE>
		</GEOMETRY>
		<GEOMETRY id="chr_larmforearm">
			<PRIMITIVE id="chr_larmforearm_1" type="sphyl">
				<RADIUS>0.08690267</RADIUS>
				<HEIGHT>0.3357282</HEIGHT>
				<TM>-7.891708e-008,-0.04711894,0.9988891,0,5.246128e-007,-0.9988891,-0.04711893,0,0.9999999,5.189554e-007,2.396735e-008,0,0.2714909,-0.005181282,1.615286e-008,1</TM>
			</PRIMITIVE>
		</GEOMETRY>
		<GEOMETRY id="chr_larmpalm">
			<PRIMITIVE id="chr_larmpalm_1" type="sphere">
				<RADIUS>0.09351745</RADIUS>
				<TM>1,0,0,0,0,1,0,0,0,0,1,0,0.1681276,0.01510919,0.1919273,1</TM>
			</PRIMITIVE>
		</GEOMETRY>
		<GEOMETRY id="chr_larmupper">
			<PRIMITIVE id="chr_larmupper_1" type="sphyl">
				<RADIUS>0.1052121</RADIUS>
				<HEIGHT>0.4591884</HEIGHT>
				<TM>-4.975707e-007,-0.0905954,0.9958876,0,2.591654e-007,-0.9958876,-0.0905954,0,0.9999999,2.284279e-007,4.415014e-007,0,0.2295942,5.172254e-008,1.149446e-007,1</TM>
			</PRIMITIVE>
		</GEOMETRY>
		<GEOMETRY id="chr_lcalf">
			<PRIMITIVE id="chr_lcalf_1" type="sphyl">
				<RADIUS>0.1368309</RADIUS>
				<HEIGHT>0.5668126</HEIGHT>
				<TM>4.217422e-007,-0.9479965,0.3182806,0,2.907575e-008,-0.3182805,-0.9479965,0,0.9999999,4.206449e-007,-1.080661e-007,0,0.3472361,-0.01063817,-1.737012e-008,1</TM>
			</PRIMITIVE>
		</GEOMETRY>
		<GEOMETRY id="chr_lthigh">
			<PRIMITIVE id="chr_lthigh_1" type="sphere">
				<RADIUS>0.1940383</RADIUS>
				<TM>1,0,0,0,0,1,0,0,0,0,1,0,0.4362031,0.06806078,0.01382526,1</TM>
			</PRIMITIVE>
		</GEOMETRY>
		<GEOMETRY id="chr_ltoe1">
			<PRIMITIVE id="chr_ltoe1_1" type="sphere">
				<RADIUS>0.04240073</RADIUS>
				<TM>1,0,0,0,0,1,0,0,0,0,1,0,0.03782463,0.006926675,-0.05215079,1</TM>
			</PRIMITIVE>
		</GEOMETRY>
		<GEOMETRY id="chr_neck">
			<PRIMITIVE id="chr_neck_1" type="sphyl">
				<RADIUS>0.1350137</RADIUS>
				<HEIGHT>0.142766</HEIGHT>
				<TM>3.455923e-007,0.9999999,-6.57846e-007,0,5.173568e-008,6.575168e-007,0.9999998,0,0.9999999,-3.455923e-007,-5.162831e-008,0,0.1605721,-0.02702706,-8.840458e-009,1</TM>
			</PRIMITIVE>
		</GEOMETRY>
		<GEOMETRY id="chr_pelvis">
			<PRIMITIVE id="chr_pelvis_1" type="sphere">
				<RADIUS>0.36007</RADIUS>
				<TM>1,0,0,0,0,1,0,0,0,0,1,0,-0.1051275,-0.08825184,-7.629394e-008,1</TM>
			</PRIMITIVE>
		</GEOMETRY>
		<GEOMETRY id="chr_r_tit">
			<PRIMITIVE id="chr_r_tit_1" type="sphere">
				<RADIUS>0.08318509</RADIUS>
				<TM>1,0,0,0,0,1,0,0,0,0,1,0,-0.002497482,0.06146047,-0.04128744,1</TM>
			</PRIMITIVE>
		</GEOMETRY>
		<GEOMETRY id="chr_rankle">
			<PRIMITIVE id="chr_rankle_1" type="sphyl">
				<RADIUS>0.08432318</RADIUS>
				<HEIGHT>0.236988</HEIGHT>
				<TM>-0.1777686,-0.9772366,-0.1157887,0,-0.08523902,0.1325117,-0.9875096,0,0.9803738,-0.1656784,-0.1068551,0,0.1161684,-0.01963189,-0.01266167,1</TM>
			</PRIMITIVE>
		</GEOMETRY>
		<GEOMETRY id="chr_rarmcollar">
			<PRIMITIVE id="chr_rarmcollar_1" type="sphyl">
				<RADIUS>0.0283484</RADIUS>
				<HEIGHT>0.2663061</HEIGHT>
				<TM>-3.390789e-007,-0.1352375,0.990813,0,-2.919554e-007,-0.990813,-0.1352375,0,0.9999998,-3.393885e-007,2.970644e-007,0,0.133153,-5.847556e-008,4.043181e-008,1</TM>
			</PRIMITIVE>
		</GEOMETRY>
		<GEOMETRY id="chr_rarmdigit11">
			<PRIMITIVE id="chr_rarmdigit11_1" type="sphyl">
				<RADIUS>0.02629906</RADIUS>
				<HEIGHT>0.066955</HEIGHT>
				<TM>6.474244e-007,-0.9997594,-0.02192869,0,-4.55868e-007,0.02192872,-0.9997596,0,0.9999999,6.720223e-007,-4.190982e-007,0,0.03347751,1.234675e-007,3.747204e-008,1</TM>
			</PRIMITIVE>
		</GEOMETRY>
		<GEOMETRY id="chr_rarmdigit12">
			<PRIMITIVE id="chr_rarmdigit12_1" type="sphyl">
				<RADIUS>0.01693664</RADIUS>
				<HEIGHT>0.04709291</HEIGHT>
				<TM>4.853731e-007,-0.9948565,-0.1012935,0,2.807679e-008,0.1012935,-0.9948565,0,0.9999998,4.402634e-007,8.068915e-008,0,0.02354649,3.470804e-008,-1.997002e-008,1</TM>
			</PRIMITIVE>
		</GEOMETRY>
		<GEOMETRY id="chr_rarmdigit13">
			<PRIMITIVE id="chr_rarmdigit13_1" type="sphere">
				<RADIUS>0.01217177</RADIUS>
				<TM>1,0,0,0,0,1,0,0,0,0,1,0,0.03498175,-0.004995309,-2.724886e-005,1</TM>
			</PRIMITIVE>
		</GEOMETRY>
		<GEOMETRY id="chr_rarmdigit22">
			<PRIMITIVE id="chr_rarmdigit22_1" type="sphyl">
				<RADIUS>0.01079362</RADIUS>
				<HEIGHT>0.03650618</HEIGHT>
				<TM>-1.199389e-006,-0.4894247,-0.8720454,0,1.226081e-006,0.8720456,-0.4894247,0,1,-1.681901e-006,-4.331258e-007,0,0.01825315,-4.67011e-009,4.168867e-008,1</TM>
			</PRIMITIVE>
		</GEOMETRY>
		<GEOMETRY id="chr_rarmdigit32">
			<PRIMITIVE id="chr_rarmdigit32_1" type="sphyl">
				<RADIUS>0.01025923</RADIUS>
				<HEIGHT>0.05351275</HEIGHT>
				<TM>1.416547e-007,-0.04516285,-0.9989795,0,1.903443e-006,0.9989795,-0.0451628,0,0.9999998,-1.944464e-006,1.989348e-007,0,0.02675631,-5.334628e-008,1.067317e-008,1</TM>
			</PRIMITIVE>
		</GEOMETRY>
		<GEOMETRY id="chr_rarmdigit42">
			<PRIMITIVE id="chr_rarmdigit42_1" type="sphyl">
				<RADIUS>0.01040662</RADIUS>
				<HEIGHT>0.04796563</HEIGHT>
				<TM>1.154657e-006,0.2316681,-0.9727948,0,-2.98036e-006,0.9727948,0.2316681,0,0.9999999,2.547599e-006,1.851237e-006,0,0.0239829,3.379035e-008,4.942684e-008,1</TM>
			</PRIMITIVE>
		</GEOMETRY>
		<GEOMETRY id="chr_rarmforearm">
			<PRIMITIVE id="chr_rarmforearm_1" type="sphyl">
				<RADIUS>0.0869026</RADIUS>
				<HEIGHT>0.3357281</HEIGHT>
				<TM>-1.477599e-007,0.04711846,0.9988891,0,4.9314e-007,-0.9988891,0.04711846,0,0.9999999,4.67136e-007,1.771508e-007,0,0.2980724,-0.005208246,3.233513e-008,1</TM>
			</PRIMITIVE>
		</GEOMETRY>
		<GEOMETRY id="chr_rarmpalm">
			<PRIMITIVE id="chr_rarmpalm_1" type="sphere">
				<RADIUS>0.047183</RADIUS>
				<TM>1,0,0,0,0,1,0,0,0,0,1,0,0.1297874,-0.002756901,-0.01279078,1</TM>
			</PRIMITIVE>
		</GEOMETRY>
		<GEOMETRY id="chr_rarmupper">
			<PRIMITIVE id="chr_rarmupper_1" type="sphyl">
				<RADIUS>0.1051657</RADIUS>
				<HEIGHT>0.4591885</HEIGHT>
				<TM>4.974864e-007,0.09059511,0.9958877,0,2.754226e-007,-0.9958878,0.09059513,0,0.9999999,2.19074e-007,-5.019104e-007,0,0.2295943,4.440822e-008,-1.368346e-007,1</TM>
			</PRIMITIVE>
		</GEOMETRY>
		<GEOMETRY id="chr_rcalf">
			<PRIMITIVE id="chr_rcalf_1" type="sphyl">
				<RADIUS>0.1368374</RADIUS>
				<HEIGHT>0.5668127</HEIGHT>
				<TM>5.081225e-007,-0.9479922,-0.3182934,0,-3.327019e-008,0.3182935,-0.9479923,0,1,4.354108e-007,1.245815e-007,0,0.3475775,1.217666e-007,3.050184e-008,1</TM>
			</PRIMITIVE>
		</GEOMETRY>
		<GEOMETRY id="chr_ribcage">
			<PRIMITIVE id="chr_ribcage_1" type="sphere">
				<RADIUS>0.2270717</RADIUS>
				<TM>1,0,0,0,0,1,0,0,0,0,1,0,-0.01900377,-0.1158669,-2.288818e-007,1</TM>
			</PRIMITIVE>
		</GEOMETRY>
		<GEOMETRY id="chr_rthigh">
			<PRIMITIVE id="chr_rthigh_1" type="sphere">
				<RADIUS>0.1940391</RADIUS>
				<TM>1,0,0,0,0,1,0,0,0,0,1,0,0.4155723,0.06277164,-0.01385437,1</TM>
			</PRIMITIVE>
		</GEOMETRY>
		<GEOMETRY id="chr_rtoe1">
			<PRIMITIVE id="chr_rtoe1_1" type="sphere">
				<RADIUS>0.04240084</RADIUS>
				<TM>1,0,0,0,0,1,0,0,0,0,1,0,0.03785973,0.006860649,0.05216886,1</TM>
			</PRIMITIVE>
		</GEOMETRY>
		<GEOMETRY id="chr_spine1">
			<PRIMITIVE id="chr_spine1_1" type="sphyl">
				<RADIUS>0.1467219</RADIUS>
				<HEIGHT>0.2355548</HEIGHT>
				<TM>-1.475684e-007,0.9999999,-4.107548e-007,0,-6.986832e-008,4.104099e-007,1,0,1,1.392929e-007,6.983895e-008,0,0.1177773,1.801702e-008,8.225457e-009,1</TM>
			</PRIMITIVE>
		</GEOMETRY>
		<GEOMETRY id="chr_spine2">
			<PRIMITIVE id="chr_spine2_1" type="sphyl">
				<RADIUS>0.296621</RADIUS>
				<HEIGHT>0.235555</HEIGHT>
				<TM>3.837739e-008,0.9999999,-2.64876e-007,0,4.311828e-008,2.645314e-007,0.9999999,0,0.9999999,-3.837735e-008,-4.315129e-008,0,0.1055136,-0.120021,0.007549363,1</TM>
			</PRIMITIVE>
		</GEOMETRY>
		<GEOMETRY id="chr_stomach">
			<PRIMITIVE id="chr_stomach_1" type="sphere">
				<RADIUS>0.07092034</RADIUS>
				<TM>1,0,0,0,0,1,0,0,0,0,1,0,-0.008397827,-0.04945567,-2.670288e-007,1</TM>
			</PRIMITIVE>
		</GEOMETRY>
		<MODEL id="chr_l_tit" type="dynamics_and_geometry" geometry="chr_l_tit">
			<DYNAMICS>
				<MASS>0.102411</MASS>
				<DENSITY>1</DENSITY>
				<MASS_OFFSET>-0.001936779,0.05538297,0.04128681</MASS_OFFSET>
				<INERTIA>7.000001e-006,0,0,7.000001e-006,0,7.000001e-006</INERTIA>
				<LIN_DAMP>0</LIN_DAMP>
				<ANG_DAMP>0</ANG_DAMP>
				<FAST_SPIN>0,1,0</FAST_SPIN>
				<USE_FAST_SPIN>0</USE_FAST_SPIN>
			</DYNAMICS>
		</MODEL>
		<MODEL id="chr_larmcollar" type="dynamics_and_geometry" geometry="chr_larmcollar">
			<DYNAMICS>
				<MASS>0.100723</MASS>
				<DENSITY>1</DENSITY>
				<MASS_OFFSET>0.133153,-5.044324e-008,-5.301264e-008</MASS_OFFSET>
				<INERTIA>0,0,0,6.000001e-006,0,6.000001e-006</INERTIA>
				<LIN_DAMP>0</LIN_DAMP>
				<ANG_DAMP>0</ANG_DAMP>
				<FAST_SPIN>0,1,0</FAST_SPIN>
				<USE_FAST_SPIN>0</USE_FAST_SPIN>
			</DYNAMICS>
		</MODEL>
		<MODEL id="chr_larmforearm" type="dynamics_and_geometry" geometry="chr_larmforearm">
			<DYNAMICS>
				<MASS>0.110732</MASS>
				<DENSITY>1</DENSITY>
				<MASS_OFFSET>0.167864,6.272921e-008,2.434586e-008</MASS_OFFSET>
				<INERTIA>4.1e-005,0,0,0.000203,0,0.000203</INERTIA>
				<LIN_DAMP>0</LIN_DAMP>
				<ANG_DAMP>0</ANG_DAMP>
				<FAST_SPIN>0,1,0</FAST_SPIN>
				<USE_FAST_SPIN>0</USE_FAST_SPIN>
			</DYNAMICS>
		</MODEL>
		<MODEL id="chr_larmupper" type="dynamics_and_geometry" geometry="chr_larmupper">
			<DYNAMICS>
				<MASS>0.120878</MASS>
				<DENSITY>1</DENSITY>
				<MASS_OFFSET>0.2295942,5.172254e-008,1.149446e-007</MASS_OFFSET>
				<INERTIA>0.000116,0,0,0.000685,0,0.000685</INERTIA>
				<LIN_DAMP>0</LIN_DAMP>
				<ANG_DAMP>0</ANG_DAMP>
				<FAST_SPIN>0,1,0</FAST_SPIN>
				<USE_FAST_SPIN>0</USE_FAST_SPIN>
			</DYNAMICS>
		</MODEL>
		<MODEL id="chr_lcalf" type="dynamics_and_geometry" geometry="chr_lcalf">
			<DYNAMICS>
				<MASS>0.144137</MASS>
				<DENSITY>1</DENSITY>
				<MASS_OFFSET>0.2834063,1.214171e-007,-1.853207e-008</MASS_OFFSET>
				<INERTIA>0.000413,0,0,0.002278,0,0.002278</INERTIA>
				<LIN_DAMP>0</LIN_DAMP>
				<ANG_DAMP>0</ANG_DAMP>
				<FAST_SPIN>0,1,0</FAST_SPIN>
				<USE_FAST_SPIN>0</USE_FAST_SPIN>
			</DYNAMICS>
		</MODEL>
		<MODEL id="chr_lthigh" type="dynamics_and_geometry" geometry="chr_lthigh">
			<DYNAMICS>
				<MASS>0.130602</MASS>
				<DENSITY>1</DENSITY>
				<MASS_OFFSET>0.3362031,0.06806078,0.01382526</MASS_OFFSET>
				<INERTIA>0.000461,0,0,0.000461,0,0.000461</INERTIA>
				<LIN_DAMP>0</LIN_DAMP>
				<ANG_DAMP>0</ANG_DAMP>
				<FAST_SPIN>0,1,0</FAST_SPIN>
				<USE_FAST_SPIN>0</USE_FAST_SPIN>
			</DYNAMICS>
		</MODEL>
		<MODEL id="chr_neck" type="dynamics_and_geometry" geometry="chr_neck">
			<DYNAMICS>
				<MASS>0.100731</MASS>
				<DENSITY>1</DENSITY>
				<MASS_OFFSET>0.0713829,-8.793968e-009,-3.685368e-009</MASS_OFFSET>
				<INERTIA>0,0,0,2e-006,0,2e-006</INERTIA>
				<LIN_DAMP>0</LIN_DAMP>
				<ANG_DAMP>0</ANG_DAMP>
				<FAST_SPIN>0,1,0</FAST_SPIN>
				<USE_FAST_SPIN>0</USE_FAST_SPIN>
			</DYNAMICS>
		</MODEL>
		<MODEL id="chr_pelvis" type="dynamics_and_geometry" geometry="chr_pelvis">
			<DYNAMICS>
				<MASS>0.178811</MASS>
				<DENSITY>1</DENSITY>
				<MASS_OFFSET>-0.1051275,-0.08825184,-7.629394e-008</MASS_OFFSET>
				<INERTIA>0.00223,0,0,0.00223,0,0.00223</INERTIA>
				<LIN_DAMP>0</LIN_DAMP>
				<ANG_DAMP>0</ANG_DAMP>
				<FAST_SPIN>0,1,0</FAST_SPIN>
				<USE_FAST_SPIN>0</USE_FAST_SPIN>
			</DYNAMICS>
		</MODEL>
		<MODEL id="chr_r_tit" type="dynamics_and_geometry" geometry="chr_r_tit">
			<DYNAMICS>
				<MASS>0.102411</MASS>
				<DENSITY>1</DENSITY>
				<MASS_OFFSET>-0.002497482,0.06146047,-0.04128744</MASS_OFFSET>
				<INERTIA>7.000001e-006,0,0,7.000001e-006,0,7.000001e-006</INERTIA>
				<LIN_DAMP>0</LIN_DAMP>
				<ANG_DAMP>0</ANG_DAMP>
				<FAST_SPIN>0,1,0</FAST_SPIN>
				<USE_FAST_SPIN>0</USE_FAST_SPIN>
			</DYNAMICS>
		</MODEL>
		<MODEL id="chr_rarmcollar" type="dynamics_and_geometry" geometry="chr_rarmcollar">
			<DYNAMICS>
				<MASS>0.100768</MASS>
				<DENSITY>1</DENSITY>
				<MASS_OFFSET>0.133153,-5.847556e-008,4.043181e-008</MASS_OFFSET>
				<INERTIA>0,0,0,6e-006,0,6e-006</INERTIA>
				<LIN_DAMP>0</LIN_DAMP>
				<ANG_DAMP>0</ANG_DAMP>
				<FAST_SPIN>0,1,0</FAST_SPIN>
				<USE_FAST_SPIN>0</USE_FAST_SPIN>
			</DYNAMICS>
		</MODEL>
		<MODEL id="chr_rarmforearm" type="dynamics_and_geometry" geometry="chr_rarmforearm">
			<DYNAMICS>
				<MASS>0.110732</MASS>
				<DENSITY>1</DENSITY>
				<MASS_OFFSET>0.1678641,8.93537e-008,2.545206e-008</MASS_OFFSET>
				<INERTIA>4.1e-005,0,0,0.000203,0,0.000203</INERTIA>
				<LIN_DAMP>0</LIN_DAMP>
				<ANG_DAMP>0</ANG_DAMP>
				<FAST_SPIN>0,1,0</FAST_SPIN>
				<USE_FAST_SPIN>0</USE_FAST_SPIN>
			</DYNAMICS>
		</MODEL>
		<MODEL id="chr_rarmupper" type="dynamics_and_geometry" geometry="chr_rarmupper">
			<DYNAMICS>
				<MASS>0.120857</MASS>
				<DENSITY>1</DENSITY>
				<MASS_OFFSET>0.2295943,4.440822e-008,-1.368346e-007</MASS_OFFSET>
				<INERTIA>0.000115,0,0,0.0006840001,0,0.0006840001</INERTIA>
				<LIN_DAMP>0</LIN_DAMP>
				<ANG_DAMP>0</ANG_DAMP>
				<FAST_SPIN>0,1,0</FAST_SPIN>
				<USE_FAST_SPIN>0</USE_FAST_SPIN>
			</DYNAMICS>
		</MODEL>
		<MODEL id="chr_rcalf" type="dynamics_and_geometry" geometry="chr_rcalf">
			<DYNAMICS>
				<MASS>0.144142</MASS>
				<DENSITY>1</DENSITY>
				<MASS_OFFSET>0.2834064,1.254163e-007,3.086188e-008</MASS_OFFSET>
				<INERTIA>0.000413,0,0,0.002278,0,0.002278</INERTIA>
				<LIN_DAMP>0</LIN_DAMP>
				<ANG_DAMP>0</ANG_DAMP>
				<FAST_SPIN>0,1,0</FAST_SPIN>
				<USE_FAST_SPIN>0</USE_FAST_SPIN>
			</DYNAMICS>
		</MODEL>
		<MODEL id="chr_ribcage" type="dynamics_and_geometry" geometry="chr_ribcage">
			<DYNAMICS>
				<MASS>0.149043</MASS>
				<DENSITY>1</DENSITY>
				<MASS_OFFSET>-0.01900377,-0.1158669,-2.288818e-007</MASS_OFFSET>
				<INERTIA>0.001011,0,0,0.001011,0,0.001011</INERTIA>
				<LIN_DAMP>0</LIN_DAMP>
				<ANG_DAMP>0</ANG_DAMP>
				<FAST_SPIN>0,1,0</FAST_SPIN>
				<USE_FAST_SPIN>0</USE_FAST_SPIN>
			</DYNAMICS>
		</MODEL>
		<MODEL id="chr_rthigh" type="dynamics_and_geometry" geometry="chr_rthigh">
			<DYNAMICS>
				<MASS>0.130602</MASS>
				<DENSITY>1</DENSITY>
				<MASS_OFFSET>0.3362072,0.06806265,-0.01385437</MASS_OFFSET>
				<INERTIA>0.000461,0,0,0.000461,0,0.000461</INERTIA>
				<LIN_DAMP>0</LIN_DAMP>
				<ANG_DAMP>0</ANG_DAMP>
				<FAST_SPIN>0,1,0</FAST_SPIN>
				<USE_FAST_SPIN>0</USE_FAST_SPIN>
			</DYNAMICS>
		</MODEL>
		<MODEL id="chr_spine1" type="dynamics_and_geometry" geometry="chr_spine1">
			<DYNAMICS>
				<MASS>0.02924341</MASS>
				<DENSITY>1</DENSITY>
				<MASS_OFFSET>0.1177773,1.801702e-008,8.225457e-009</MASS_OFFSET>
				<INERTIA>0.000314766,-4.661843e-011,-2.084805e-011,0.0006130246,-2.114339e-013,0.0006130247</INERTIA>
				<LIN_DAMP>0</LIN_DAMP>
				<ANG_DAMP>0</ANG_DAMP>
				<FAST_SPIN>0,1,0</FAST_SPIN>
				<USE_FAST_SPIN>0</USE_FAST_SPIN>
			</DYNAMICS>
		</MODEL>
		<MODEL id="chr_spine2" type="dynamics_and_geometry" geometry="chr_spine2">
			<DYNAMICS>
				<MASS>0.03434583</MASS>
				<DENSITY>1</DENSITY>
				<MASS_OFFSET>0.1177775,-2.682098e-009,-5.082252e-009</MASS_OFFSET>
				<INERTIA>0.0004212517,1.373505e-011,1.541785e-011,0.0007791453,-2.684495e-013,0.0007791455</INERTIA>
				<LIN_DAMP>0</LIN_DAMP>
				<ANG_DAMP>0</ANG_DAMP>
				<FAST_SPIN>0,1,0</FAST_SPIN>
				<USE_FAST_SPIN>0</USE_FAST_SPIN>
			</DYNAMICS>
		</MODEL>
		<MODEL id="chr_spine3" type="dynamics_only">
			<DYNAMICS>
				<MASS>3.141593e-006</MASS>
				<DENSITY>1</DENSITY>
				<MASS_OFFSET>0,0,0</MASS_OFFSET>
				<INERTIA>1.256637e-010,0,0,1.256637e-010,0,1.256637e-010</INERTIA>
				<LIN_DAMP>0</LIN_DAMP>
				<ANG_DAMP>0</ANG_DAMP>
				<FAST_SPIN>0,1,0</FAST_SPIN>
				<USE_FAST_SPIN>0</USE_FAST_SPIN>
			</DYNAMICS>
		</MODEL>
		<MODEL id="chr_stomach" type="dynamics_and_geometry" geometry="chr_stomach">
			<DYNAMICS>
				<MASS>0.001494174</MASS>
				<DENSITY>1</DENSITY>
				<MASS_OFFSET>-0.008397827,-0.04945567,-2.670288e-007</MASS_OFFSET>
				<INERTIA>3.006095e-006,0,0,3.006095e-006,0,3.006095e-006</INERTIA>
				<LIN_DAMP>0</LIN_DAMP>
				<ANG_DAMP>0</ANG_DAMP>
				<FAST_SPIN>0,1,0</FAST_SPIN>
				<USE_FAST_SPIN>0</USE_FAST_SPIN>
			</DYNAMICS>
		</MODEL>
		<PART id="chr_l_tit" model="chr_l_tit" parent="chr_ribcage">
			<TM>-5.115272e-007,1,-4.533908e-007,0,-2.327782e-007,4.533907e-007,1,0,1,5.115273e-007,2.327779e-007,0,0.199998,1.971804,1.214561,1</TM>
		</PART>
		<PART id="chr_larmcollar" model="chr_larmcollar" parent="chr_ribcage">
			<TM>0.9695851,0.07554915,0.2328029,0,-0.2194613,-0.1527483,0.9635895,0,0.1083586,-0.9853732,-0.1315224,0,0.02241607,2.222682,1.432806,1</TM>
		</PART>
		<PART id="chr_larmforearm" model="chr_larmforearm" parent="chr_larmupper">
			<TM>0.495897,-0.7538863,-0.4309775,0,0.275948,-0.3337695,0.9013605,0,-0.8233705,-0.5659093,0.04251817,0,0.5115086,1.846032,1.505759,1</TM>
		</PART>
		<PART id="chr_larmupper" model="chr_larmupper" parent="chr_larmcollar">
			<TM>0.5028147,-0.8640649,0.02386011,0,0.06635104,0.06610326,0.9956043,0,-0.8618439,-0.4990213,0.09056929,0,0.2806217,2.242801,1.494802,1</TM>
		</PART>
		<PART id="chr_lcalf" model="chr_lcalf" parent="chr_lthigh">
			<TM>0.03007751,-0.9703369,0.2398782,0,-0.318137,0.2182133,0.9225897,0,-0.9475675,-0.1040633,-0.3021367,0,0.2199998,0.9368562,1.379856,1</TM>
		</PART>
		<PART id="chr_lthigh" model="chr_lthigh" parent="chr_pelvis">
			<TM>0.05839389,-0.9961991,-0.06463448,0,-0.1541511,-0.07296637,0.9853494,0,-0.9863203,-0.0475749,-0.157826,0,0.1827159,1.572921,1.421124,1</TM>
		</PART>
		<PART id="chr_neck" model="chr_neck" parent="chr_ribcage">
			<TM>-3.608896e-007,0.9663461,-0.2572455,0,1.435337e-007,0.2572455,0.9663461,0,1,3.118209e-007,-2.315405e-007,0,-1.191972e-006,2.355824,1.453757,1</TM>
		</PART>
		<PART id="chr_pelvis" model="chr_pelvis">
			<TM>-4.61936e-007,0.9974108,0.07191485,0,1.054337e-007,-0.07191485,0.9974108,0,1,4.683222e-007,-7.194065e-008,0,-7.644152e-007,1.541895,1.458553,1</TM>
		</PART>
		<PART id="chr_r_tit" model="chr_r_tit" parent="chr_ribcage">
			<TM>-5.115272e-007,1,-4.533908e-007,0,-2.327782e-007,4.533907e-007,1,0,1,5.115273e-007,2.327779e-007,0,-0.2000002,1.971804,1.214561,1</TM>
		</PART>
		<PART id="chr_rarmcollar" model="chr_rarmcollar" parent="chr_ribcage">
			<TM>-0.9695852,0.0755482,0.2328027,0,0.2194612,-0.1527482,0.9635895,0,0.1083576,0.9853733,0.1315225,0,-0.02241814,2.222682,1.432806,1</TM>
		</PART>
		<PART id="chr_rarmforearm" model="chr_rarmforearm" parent="chr_rarmupper">
			<TM>-0.4958961,-0.7538866,-0.4309779,0,-0.2759478,-0.3337702,0.9013602,0,-0.8233711,0.5659084,-0.042518,0,-0.5115095,1.846032,1.505759,1</TM>
		</PART>
		<PART id="chr_rarmupper" model="chr_rarmupper" parent="chr_rarmcollar">
			<TM>-0.5028135,-0.8640656,0.02385996,0,-0.06635103,0.06610294,0.9956043,0,-0.8618447,0.4990201,-0.09056909,0,-0.2806233,2.242801,1.494803,1</TM>
		</PART>
		<PART id="chr_rcalf" model="chr_rcalf" parent="chr_rthigh">
			<TM>-0.02998886,-0.9703508,0.2398332,0,0.31815,0.218196,0.9225894,0,-0.947566,0.1039703,0.3021736,0,-0.2200579,0.9368603,1.379862,1</TM>
		</PART>
		<PART id="chr_ribcage" model="chr_ribcage" parent="chr_spine3">
			<TM>-5.115461e-007,1,-4.533908e-007,0,-2.324326e-007,4.533906e-007,1,0,1,5.115462e-007,2.324324e-007,0,-1.098107e-006,2.243262,1.539662,1</TM>
		</PART>
		<PART id="chr_rthigh" model="chr_rthigh" parent="chr_pelvis">
			<TM>-0.05848207,-0.9961945,-0.06462502,0,0.1541376,-0.07297031,0.9853511,0,-0.9863171,0.04766423,0.1578185,0,-0.1827173,1.572921,1.421124,1</TM>
		</PART>
		<PART id="chr_spine1" model="chr_spine1" parent="chr_pelvis">
			<TM>-4.407958e-007,0.9903146,0.1388417,0,1.080374e-007,-0.1388417,0.9903146,0,1,4.515267e-007,-4.579018e-008,0,-7.644152e-007,1.541895,1.458553,1</TM>
		</PART>
		<PART id="chr_spine2" model="chr_spine2" parent="chr_spine1">
			<TM>-4.226937e-007,0.9887642,0.1494837,0,-3.207613e-008,-0.1494837,0.9887642,0,0.9999999,4.131495e-007,9.490155e-008,0,-8.518026e-007,1.775168,1.491258,1</TM>
		</PART>
		<PART id="chr_spine3" model="chr_spine3" parent="chr_spine2">
			<TM>-5.275279e-007,0.9984305,0.05600472,0,-1.86517e-007,-0.05600472,0.9984305,0,1,5.162541e-007,2.157683e-007,0,-9.615372e-007,2.008077,1.52647,1</TM>
		</PART>
		<PART id="chr_stomach" model="chr_stomach" parent="chr_pelvis">
			<TM>-4.61942e-007,0.9974108,0.07191485,0,1.050877e-007,-0.07191485,0.9974108,0,1,4.683033e-007,-7.15951e-008,0,-5.993872e-007,1.461685,1.103227,1</TM>
		</PART>
		<NO_COLLISION part1="chr_l_tit" part2="chr_larmcollar"></NO_COLLISION>
		<NO_COLLISION part1="chr_l_tit" part2="chr_larmforearm"></NO_COLLISION>
		<NO_COLLISION part1="chr_l_tit" part2="chr_larmupper"></NO_COLLISION>
		<NO_COLLISION part1="chr_l_tit" part2="chr_lcalf"></NO_COLLISION>
		<NO_COLLISION part1="chr_l_tit" part2="chr_lthigh"></NO_COLLISION>
		<NO_COLLISION part1="chr_l_tit" part2="chr_neck"></NO_COLLISION>
		<NO_COLLISION part1="chr_l_tit" part2="chr_pelvis"></NO_COLLISION>
		<NO_COLLISION part1="chr_l_tit" part2="chr_r_tit"></NO_COLLISION>
		<NO_COLLISION part1="chr_l_tit" part2="chr_rarmcollar"></NO_COLLISION>
		<NO_COLLISION part1="chr_l_tit" part2="chr_rarmforearm"></NO_COLLISION>
		<NO_COLLISION part1="chr_l_tit" part2="chr_rarmupper"></NO_COLLISION>
		<NO_COLLISION part1="chr_l_tit" part2="chr_rcalf"></NO_COLLISION>
		<NO_COLLISION part1="chr_l_tit" part2="chr_ribcage"></NO_COLLISION>
		<NO_COLLISION part1="chr_l_tit" part2="chr_rthigh"></NO_COLLISION>
		<NO_COLLISION part1="chr_l_tit" part2="chr_spine1"></NO_COLLISION>
		<NO_COLLISION part1="chr_l_tit" part2="chr_spine2"></NO_COLLISION>
		<NO_COLLISION part1="chr_l_tit" part2="chr_spine3"></NO_COLLISION>
		<NO_COLLISION part1="chr_l_tit" part2="chr_stomach"></NO_COLLISION>
		<NO_COLLISION part1="chr_larmcollar" part2="chr_larmforearm"></NO_COLLISION>
		<NO_COLLISION part1="chr_larmcollar" part2="chr_larmupper"></NO_COLLISION>
		<NO_COLLISION part1="chr_larmcollar" part2="chr_lcalf"></NO_COLLISION>
		<NO_COLLISION part1="chr_larmcollar" part2="chr_lthigh"></NO_COLLISION>
		<NO_COLLISION part1="chr_larmcollar" part2="chr_neck"></NO_COLLISION>
		<NO_COLLISION part1="chr_larmcollar" part2="chr_pelvis"></NO_COLLISION>
		<NO_COLLISION part1="chr_larmcollar" part2="chr_r_tit"></NO_COLLISION>
		<NO_COLLISION part1="chr_larmcollar" part2="chr_rarmcollar"></NO_COLLISION>
		<NO_COLLISION part1="chr_larmcollar" part2="chr_rarmforearm"></NO_COLLISION>
		<NO_COLLISION part1="chr_larmcollar" part2="chr_rarmupper"></NO_COLLISION>
		<NO_COLLISION part1="chr_larmcollar" part2="chr_rcalf"></NO_COLLISION>
		<NO_COLLISION part1="chr_larmcollar" part2="chr_ribcage"></NO_COLLISION>
		<NO_COLLISION part1="chr_larmcollar" part2="chr_rthigh"></NO_COLLISION>
		<NO_COLLISION part1="chr_larmcollar" part2="chr_spine1"></NO_COLLISION>
		<NO_COLLISION part1="chr_larmcollar" part2="chr_spine2"></NO_COLLISION>
		<NO_COLLISION part1="chr_larmcollar" part2="chr_spine3"></NO_COLLISION>
		<NO_COLLISION part1="chr_larmcollar" part2="chr_stomach"></NO_COLLISION>
		<NO_COLLISION part1="chr_larmforearm" part2="chr_larmupper"></NO_COLLISION>
		<NO_COLLISION part1="chr_larmforearm" part2="chr_lcalf"></NO_COLLISION>
		<NO_COLLISION part1="chr_larmforearm" part2="chr_lthigh"></NO_COLLISION>
		<NO_COLLISION part1="chr_larmforearm" part2="chr_neck"></NO_COLLISION>
		<NO_COLLISION part1="chr_larmforearm" part2="chr_pelvis"></NO_COLLISION>
		<NO_COLLISION part1="chr_larmforearm" part2="chr_r_tit"></NO_COLLISION>
		<NO_COLLISION part1="chr_larmforearm" part2="chr_rarmcollar"></NO_COLLISION>
		<NO_COLLISION part1="chr_larmforearm" part2="chr_rarmforearm"></NO_COLLISION>
		<NO_COLLISION part1="chr_larmforearm" part2="chr_rarmupper"></NO_COLLISION>
		<NO_COLLISION part1="chr_larmforearm" part2="chr_rcalf"></NO_COLLISION>
		<NO_COLLISION part1="chr_larmforearm" part2="chr_ribcage"></NO_COLLISION>
		<NO_COLLISION part1="chr_larmforearm" part2="chr_rthigh"></NO_COLLISION>
		<NO_COLLISION part1="chr_larmforearm" part2="chr_spine1"></NO_COLLISION>
		<NO_COLLISION part1="chr_larmforearm" part2="chr_spine2"></NO_COLLISION>
		<NO_COLLISION part1="chr_larmforearm" part2="chr_spine3"></NO_COLLISION>
		<NO_COLLISION part1="chr_larmforearm" part2="chr_stomach"></NO_COLLISION>
		<NO_COLLISION part1="chr_larmupper" part2="chr_lcalf"></NO_COLLISION>
		<NO_COLLISION part1="chr_larmupper" part2="chr_lthigh"></NO_COLLISION>
		<NO_COLLISION part1="chr_larmupper" part2="chr_neck"></NO_COLLISION>
		<NO_COLLISION part1="chr_larmupper" part2="chr_pelvis"></NO_COLLISION>
		<NO_COLLISION part1="chr_larmupper" part2="chr_r_tit"></NO_COLLISION>
		<NO_COLLISION part1="chr_larmupper" part2="chr_rarmcollar"></NO_COLLISION>
		<NO_COLLISION part1="chr_larmupper" part2="chr_rarmforearm"></NO_COLLISION>
		<NO_COLLISION part1="chr_larmupper" part2="chr_rarmupper"></NO_COLLISION>
		<NO_COLLISION part1="chr_larmupper" part2="chr_rcalf"></NO_COLLISION>
		<NO_COLLISION part1="chr_larmupper" part2="chr_ribcage"></NO_COLLISION>
		<NO_COLLISION part1="chr_larmupper" part2="chr_rthigh"></NO_COLLISION>
		<NO_COLLISION part1="chr_larmupper" part2="chr_spine1"></NO_COLLISION>
		<NO_COLLISION part1="chr_larmupper" part2="chr_spine2"></NO_COLLISION>
		<NO_COLLISION part1="chr_larmupper" part2="chr_spine3"></NO_COLLISION>
		<NO_COLLISION part1="chr_larmupper" part2="chr_stomach"></NO_COLLISION>
		<NO_COLLISION part1="chr_lcalf" part2="chr_lthigh"></NO_COLLISION>
		<NO_COLLISION part1="chr_lcalf" part2="chr_neck"></NO_COLLISION>
		<NO_COLLISION part1="chr_lcalf" part2="chr_pelvis"></NO_COLLISION>
		<NO_COLLISION part1="chr_lcalf" part2="chr_r_tit"></NO_COLLISION>
		<NO_COLLISION part1="chr_lcalf" part2="chr_rarmcollar"></NO_COLLISION>
		<NO_COLLISION part1="chr_lcalf" part2="chr_rarmforearm"></NO_COLLISION>
		<NO_COLLISION part1="chr_lcalf" part2="chr_rarmupper"></NO_COLLISION>
		<NO_COLLISION part1="chr_lcalf" part2="chr_rcalf"></NO_COLLISION>
		<NO_COLLISION part1="chr_lcalf" part2="chr_ribcage"></NO_COLLISION>
		<NO_COLLISION part1="chr_lcalf" part2="chr_rthigh"></NO_COLLISION>
		<NO_COLLISION part1="chr_lcalf" part2="chr_spine1"></NO_COLLISION>
		<NO_COLLISION part1="chr_lcalf" part2="chr_spine2"></NO_COLLISION>
		<NO_COLLISION part1="chr_lcalf" part2="chr_spine3"></NO_COLLISION>
		<NO_COLLISION part1="chr_lcalf" part2="chr_stomach"></NO_COLLISION>
		<NO_COLLISION part1="chr_lthigh" part2="chr_neck"></NO_COLLISION>
		<NO_COLLISION part1="chr_lthigh" part2="chr_pelvis"></NO_COLLISION>
		<NO_COLLISION part1="chr_lthigh" part2="chr_r_tit"></NO_COLLISION>
		<NO_COLLISION part1="chr_lthigh" part2="chr_rarmcollar"></NO_COLLISION>
		<NO_COLLISION part1="chr_lthigh" part2="chr_rarmforearm"></NO_COLLISION>
		<NO_COLLISION part1="chr_lthigh" part2="chr_rarmupper"></NO_COLLISION>
		<NO_COLLISION part1="chr_lthigh" part2="chr_rcalf"></NO_COLLISION>
		<NO_COLLISION part1="chr_lthigh" part2="chr_ribcage"></NO_COLLISION>
		<NO_COLLISION part1="chr_lthigh" part2="chr_rthigh"></NO_COLLISION>
		<NO_COLLISION part1="chr_lthigh" part2="chr_spine1"></NO_COLLISION>
		<NO_COLLISION part1="chr_lthigh" part2="chr_spine2"></NO_COLLISION>
		<NO_COLLISION part1="chr_lthigh" part2="chr_spine3"></NO_COLLISION>
		<NO_COLLISION part1="chr_lthigh" part2="chr_stomach"></NO_COLLISION>
		<NO_COLLISION part1="chr_neck" part2="chr_pelvis"></NO_COLLISION>
		<NO_COLLISION part1="chr_neck" part2="chr_r_tit"></NO_COLLISION>
		<NO_COLLISION part1="chr_neck" part2="chr_rarmcollar"></NO_COLLISION>
		<NO_COLLISION part1="chr_neck" part2="chr_rarmforearm"></NO_COLLISION>
		<NO_COLLISION part1="chr_neck" part2="chr_rarmupper"></NO_COLLISION>
		<NO_COLLISION part1="chr_neck" part2="chr_rcalf"></NO_COLLISION>
		<NO_COLLISION part1="chr_neck" part2="chr_ribcage"></NO_COLLISION>
		<NO_COLLISION part1="chr_neck" part2="chr_rthigh"></NO_COLLISION>
		<NO_COLLISION part1="chr_neck" part2="chr_spine1"></NO_COLLISION>
		<NO_COLLISION part1="chr_neck" part2="chr_spine2"></NO_COLLISION>
		<NO_COLLISION part1="chr_neck" part2="chr_spine3"></NO_COLLISION>
		<NO_COLLISION part1="chr_neck" part2="chr_stomach"></NO_COLLISION>
		<NO_COLLISION part1="chr_pelvis" part2="chr_r_tit"></NO_COLLISION>
		<NO_COLLISION part1="chr_pelvis" part2="chr_rarmcollar"></NO_COLLISION>
		<NO_COLLISION part1="chr_pelvis" part2="chr_rarmforearm"></NO_COLLISION>
		<NO_COLLISION part1="chr_pelvis" part2="chr_rarmupper"></NO_COLLISION>
		<NO_COLLISION part1="chr_pelvis" part2="chr_rcalf"></NO_COLLISION>
		<NO_COLLISION part1="chr_pelvis" part2="chr_ribcage"></NO_COLLISION>
		<NO_COLLISION part1="chr_pelvis" part2="chr_rthigh"></NO_COLLISION>
		<NO_COLLISION part1="chr_pelvis" part2="chr_spine1"></NO_COLLISION>
		<NO_COLLISION part1="chr_pelvis" part2="chr_spine2"></NO_COLLISION>
		<NO_COLLISION part1="chr_pelvis" part2="chr_spine3"></NO_COLLISION>
		<NO_COLLISION part1="chr_pelvis" part2="chr_stomach"></NO_COLLISION>
		<NO_COLLISION part1="chr_r_tit" part2="chr_rarmcollar"></NO_COLLISION>
		<NO_COLLISION part1="chr_r_tit" part2="chr_rarmforearm"></NO_COLLISION>
		<NO_COLLISION part1="chr_r_tit" part2="chr_rarmupper"></NO_COLLISION>
		<NO_COLLISION part1="chr_r_tit" part2="chr_rcalf"></NO_COLLISION>
		<NO_COLLISION part1="chr_r_tit" part2="chr_ribcage"></NO_COLLISION>
		<NO_COLLISION part1="chr_r_tit" part2="chr_rthigh"></NO_COLLISION>
		<NO_COLLISION part1="chr_r_tit" part2="chr_spine1"></NO_COLLISION>
		<NO_COLLISION part1="chr_r_tit" part2="chr_spine2"></NO_COLLISION>
		<NO_COLLISION part1="chr_r_tit" part2="chr_spine3"></NO_COLLISION>
		<NO_COLLISION part1="chr_r_tit" part2="chr_stomach"></NO_COLLISION>
		<NO_COLLISION part1="chr_rarmcollar" part2="chr_rarmforearm"></NO_COLLISION>
		<NO_COLLISION part1="chr_rarmcollar" part2="chr_rarmupper"></NO_COLLISION>
		<NO_COLLISION part1="chr_rarmcollar" part2="chr_rcalf"></NO_COLLISION>
		<NO_COLLISION part1="chr_rarmcollar" part2="chr_ribcage"></NO_COLLISION>
		<NO_COLLISION part1="chr_rarmcollar" part2="chr_rthigh"></NO_COLLISION>
		<NO_COLLISION part1="chr_rarmcollar" part2="chr_spine1"></NO_COLLISION>
		<NO_COLLISION part1="chr_rarmcollar" part2="chr_spine2"></NO_COLLISION>
		<NO_COLLISION part1="chr_rarmcollar" part2="chr_spine3"></NO_COLLISION>
		<NO_COLLISION part1="chr_rarmcollar" part2="chr_stomach"></NO_COLLISION>
		<NO_COLLISION part1="chr_rarmforearm" part2="chr_rarmupper"></NO_COLLISION>
		<NO_COLLISION part1="chr_rarmforearm" part2="chr_rcalf"></NO_COLLISION>
		<NO_COLLISION part1="chr_rarmforearm" part2="chr_ribcage"></NO_COLLISION>
		<NO_COLLISION part1="chr_rarmforearm" part2="chr_rthigh"></NO_COLLISION>
		<NO_COLLISION part1="chr_rarmforearm" part2="chr_spine1"></NO_COLLISION>
		<NO_COLLISION part1="chr_rarmforearm" part2="chr_spine2"></NO_COLLISION>
		<NO_COLLISION part1="chr_rarmforearm" part2="chr_spine3"></NO_COLLISION>
		<NO_COLLISION part1="chr_rarmforearm" part2="chr_stomach"></NO_COLLISION>
		<NO_COLLISION part1="chr_rarmupper" part2="chr_rcalf"></NO_COLLISION>
		<NO_COLLISION part1="chr_rarmupper" part2="chr_ribcage"></NO_COLLISION>
		<NO_COLLISION part1="chr_rarmupper" part2="chr_rthigh"></NO_COLLISION>
		<NO_COLLISION part1="chr_rarmupper" part2="chr_spine1"></NO_COLLISION>
		<NO_COLLISION part1="chr_rarmupper" part2="chr_spine2"></NO_COLLISION>
		<NO_COLLISION part1="chr_rarmupper" part2="chr_spine3"></NO_COLLISION>
		<NO_COLLISION part1="chr_rarmupper" part2="chr_stomach"></NO_COLLISION>
		<NO_COLLISION part1="chr_rcalf" part2="chr_ribcage"></NO_COLLISION>
		<NO_COLLISION part1="chr_rcalf" part2="chr_rthigh"></NO_COLLISION>
		<NO_COLLISION part1="chr_rcalf" part2="chr_spine1"></NO_COLLISION>
		<NO_COLLISION part1="chr_rcalf" part2="chr_spine2"></NO_COLLISION>
		<NO_COLLISION part1="chr_rcalf" part2="chr_spine3"></NO_COLLISION>
		<NO_COLLISION part1="chr_rcalf" part2="chr_stomach"></NO_COLLISION>
		<NO_COLLISION part1="chr_ribcage" part2="chr_rthigh"></NO_COLLISION>
		<NO_COLLISION part1="chr_ribcage" part2="chr_spine1"></NO_COLLISION>
		<NO_COLLISION part1="chr_ribcage" part2="chr_spine2"></NO_COLLISION>
		<NO_COLLISION part1="chr_ribcage" part2="chr_spine3"></NO_COLLISION>
		<NO_COLLISION part1="chr_ribcage" part2="chr_stomach"></NO_COLLISION>
		<NO_COLLISION part1="chr_rthigh" part2="chr_spine1"></NO_COLLISION>
		<NO_COLLISION part1="chr_rthigh" part2="chr_spine2"></NO_COLLISION>
		<NO_COLLISION part1="chr_rthigh" part2="chr_spine3"></NO_COLLISION>
		<NO_COLLISION part1="chr_rthigh" part2="chr_stomach"></NO_COLLISION>
		<NO_COLLISION part1="chr_spine1" part2="chr_spine2"></NO_COLLISION>
		<NO_COLLISION part1="chr_spine1" part2="chr_spine3"></NO_COLLISION>
		<NO_COLLISION part1="chr_spine1" part2="chr_stomach"></NO_COLLISION>
		<NO_COLLISION part1="chr_spine2" part2="chr_spine3"></NO_COLLISION>
		<NO_COLLISION part1="chr_spine2" part2="chr_stomach"></NO_COLLISION>
		<NO_COLLISION part1="chr_spine3" part2="chr_stomach"></NO_COLLISION>
		<JOINT id="chr_l_tit" part1="chr_l_tit" part2="chr_ribcage" type="skeletal">
			<CONE_TYPE>2</CONE_TYPE>
			<CONE_HALF_ANGLE_X>0.1</CONE_HALF_ANGLE_X>
			<CONE_HALF_ANGLE_Y>0.1</CONE_HALF_ANGLE_Y>
			<CONE_STIFFNESS>1000</CONE_STIFFNESS>
			<CONE_DAMPING>1</CONE_DAMPING>
			<TWIST_TYPE>2</TWIST_TYPE>
			<TWIST_HALF_ANGLE>1.570796</TWIST_HALF_ANGLE>
			<TWIST_STIFFNESS>1000</TWIST_STIFFNESS>
			<TWIST_DAMPING>1</TWIST_DAMPING>
			<POS1>0,0,0</POS1>
			<POS2>-0.2714586,-0.325101,0.1999988</POS2>
			<PRIMARY_AXIS1>0,-0.9999999,0</PRIMARY_AXIS1>
			<PRIMARY_AXIS2>2.975534e-008,-0.9999999,3.455195e-010</PRIMARY_AXIS2>
			<ORTHOGONAL_AXIS1>0.9999999,0,0</ORTHOGONAL_AXIS1>
			<ORTHOGONAL_AXIS2>1,-2.97554e-008,1.894543e-011</ORTHOGONAL_AXIS2>
		</JOINT>
		<JOINT id="chr_larmcollar" part1="chr_larmcollar" part2="chr_ribcage" type="skeletal">
			<CONE_TYPE>2</CONE_TYPE>
			<CONE_HALF_ANGLE_X>0.1</CONE_HALF_ANGLE_X>
			<CONE_HALF_ANGLE_Y>0.1</CONE_HALF_ANGLE_Y>
			<CONE_STIFFNESS>1000</CONE_STIFFNESS>
			<CONE_DAMPING>1</CONE_DAMPING>
			<TWIST_TYPE>2</TWIST_TYPE>
			<TWIST_HALF_ANGLE>1.570796</TWIST_HALF_ANGLE>
			<TWIST_STIFFNESS>1000</TWIST_STIFFNESS>
			<TWIST_DAMPING>1</TWIST_DAMPING>
			<POS1>0,0,0</POS1>
			<POS2>-0.02057997,-0.1068555,0.02241713</POS2>
			<PRIMARY_AXIS1>1,0,0</PRIMARY_AXIS1>
			<PRIMARY_AXIS2>0.07554855,0.2328027,0.969585</PRIMARY_AXIS2>
			<ORTHOGONAL_AXIS1>0,1,0</ORTHOGONAL_AXIS1>
			<ORTHOGONAL_AXIS2>-0.1527487,0.9635895,-0.2194611</ORTHOGONAL_AXIS2>
		</JOINT>
		<JOINT id="chr_larmforearm" part1="chr_larmforearm" part2="chr_larmupper" type="hinge">
			<HIGH_LIMIT>1.645077</HIGH_LIMIT>
			<LOW_LIMIT>0.08703269</LOW_LIMIT>
			<HIGH_STIFFNESS>1000</HIGH_STIFFNESS>
			<LOW_STIFFNESS>1000</LOW_STIFFNESS>
			<LIMITED>1</LIMITED>
			<MOTORIZED>0</MOTORIZED>
			<DES_VEL>1</DES_VEL>
			<MAX_FORCE>1000</MAX_FORCE>
			<POS1>0,0,0</POS1>
			<POS2>0.459189,-4.485964e-009,1.145963e-007</POS2>
			<PRIMARY_AXIS1>0.173648,1.652143e-009,-0.9848079</PRIMARY_AXIS1>
			<PRIMARY_AXIS2>0.07978824,-0.02849598,-0.9964045</PRIMARY_AXIS2>
			<ORTHOGONAL_AXIS1>0.9810604,-0.08715598,0.1729872</ORTHOGONAL_AXIS1>
			<ORTHOGONAL_AXIS2>0.8476459,-0.5240522,0.08286377</ORTHOGONAL_AXIS2>
		</JOINT>
		<JOINT id="chr_larmupper" part1="chr_larmupper" part2="chr_larmcollar" type="skeletal">
			<CONE_TYPE>2</CONE_TYPE>
			<CONE_HALF_ANGLE_X>0.4368163</CONE_HALF_ANGLE_X>
			<CONE_HALF_ANGLE_Y>0.4119865</CONE_HALF_ANGLE_Y>
			<CONE_STIFFNESS>1000</CONE_STIFFNESS>
			<CONE_DAMPING>1</CONE_DAMPING>
			<TWIST_TYPE>2</TWIST_TYPE>
			<TWIST_HALF_ANGLE>1.570796</TWIST_HALF_ANGLE>
			<TWIST_STIFFNESS>1000</TWIST_STIFFNESS>
			<TWIST_DAMPING>1</TWIST_DAMPING>
			<POS1>0,0,0</POS1>
			<POS2>0.2663051,-4.728463e-007,1.75013e-007</POS2>
			<PRIMARY_AXIS1>0.9396927,0,-0.3420202</PRIMARY_AXIS1>
			<PRIMARY_AXIS2>0.6934832,-0.07867309,0.7161646</PRIMARY_AXIS2>
			<ORTHOGONAL_AXIS1>0,1,0</ORTHOGONAL_AXIS1>
			<ORTHOGONAL_AXIS2>0.3011066,0.9346952,-0.1888909</ORTHOGONAL_AXIS2>
		</JOINT>
		<JOINT id="chr_lcalf" part1="chr_lcalf" part2="chr_lthigh" type="skeletal">
			<CONE_TYPE>2</CONE_TYPE>
			<CONE_HALF_ANGLE_X>0.5911574</CONE_HALF_ANGLE_X>
			<CONE_HALF_ANGLE_Y>0.1596631</CONE_HALF_ANGLE_Y>
			<CONE_STIFFNESS>1000</CONE_STIFFNESS>
			<CONE_DAMPING>1</CONE_DAMPING>
			<TWIST_TYPE>2</TWIST_TYPE>
			<TWIST_HALF_ANGLE>1.570796</TWIST_HALF_ANGLE>
			<TWIST_STIFFNESS>1000</TWIST_STIFFNESS>
			<TWIST_DAMPING>1</TWIST_DAMPING>
			<POS1>0,0,0</POS1>
			<POS2>0.6384917,6.430897e-007,2.115707e-008</POS2>
			<PRIMARY_AXIS1>1,0,0</PRIMARY_AXIS1>
			<PRIMARY_AXIS2>0.9529006,0.3025293,-0.02136138</PRIMARY_AXIS2>
			<ORTHOGONAL_AXIS1>0,1,0</ORTHOGONAL_AXIS1>
			<ORTHOGONAL_AXIS2>-0.2955922,0.9421921,0.1577948</ORTHOGONAL_AXIS2>
		</JOINT>
		<JOINT id="chr_lthigh" part1="chr_lthigh" part2="chr_pelvis" type="skeletal">
			<CONE_TYPE>2</CONE_TYPE>
			<CONE_HALF_ANGLE_X>0.2206993</CONE_HALF_ANGLE_X>
			<CONE_HALF_ANGLE_Y>0.2314563</CONE_HALF_ANGLE_Y>
			<CONE_STIFFNESS>1000</CONE_STIFFNESS>
			<CONE_DAMPING>1</CONE_DAMPING>
			<TWIST_TYPE>2</TWIST_TYPE>
			<TWIST_HALF_ANGLE>1.570796</TWIST_HALF_ANGLE>
			<TWIST_STIFFNESS>1000</TWIST_STIFFNESS>
			<TWIST_DAMPING>1</TWIST_DAMPING>
			<POS1>0,0,0</POS1>
			<POS2>0.02825386,-0.03956326,0.1827167</POS2>
			<PRIMARY_AXIS1>1,0,0</PRIMARY_AXIS1>
			<PRIMARY_AXIS2>-0.9982679,0.007174389,0.05839343</PRIMARY_AXIS2>
			<ORTHOGONAL_AXIS1>0,1,0</ORTHOGONAL_AXIS1>
			<ORTHOGONAL_AXIS2>-0.001916117,0.9880454,-0.1541512</ORTHOGONAL_AXIS2>
		</JOINT>
		<JOINT id="chr_neck" part1="chr_neck" part2="chr_ribcage" type="skeletal">
			<CONE_TYPE>2</CONE_TYPE>
			<CONE_HALF_ANGLE_X>0.1</CONE_HALF_ANGLE_X>
			<CONE_HALF_ANGLE_Y>0.1</CONE_HALF_ANGLE_Y>
			<CONE_STIFFNESS>1000</CONE_STIFFNESS>
			<CONE_DAMPING>1</CONE_DAMPING>
			<TWIST_TYPE>2</TWIST_TYPE>
			<TWIST_HALF_ANGLE>1.570796</TWIST_HALF_ANGLE>
			<TWIST_STIFFNESS>1000</TWIST_STIFFNESS>
			<TWIST_DAMPING>1</TWIST_DAMPING>
			<POS1>0,0,0</POS1>
			<POS2>0.1125618,-0.08590527,-5.625176e-008</POS2>
			<PRIMARY_AXIS1>1,0,0</PRIMARY_AXIS1>
			<PRIMARY_AXIS2>0.9663464,-0.2572451,7.364887e-008</PRIMARY_AXIS2>
			<ORTHOGONAL_AXIS1>0,1,0</ORTHOGONAL_AXIS1>
			<ORTHOGONAL_AXIS2>0.2572451,0.9663462,4.997368e-007</ORTHOGONAL_AXIS2>
		</JOINT>
		<JOINT id="chr_r_tit" part1="chr_r_tit" part2="chr_ribcage" type="skeletal">
			<CONE_TYPE>2</CONE_TYPE>
			<CONE_HALF_ANGLE_X>0.1</CONE_HALF_ANGLE_X>
			<CONE_HALF_ANGLE_Y>0.1</CONE_HALF_ANGLE_Y>
			<CONE_STIFFNESS>1000</CONE_STIFFNESS>
			<CONE_DAMPING>1</CONE_DAMPING>
			<TWIST_TYPE>2</TWIST_TYPE>
			<TWIST_HALF_ANGLE>1.570796</TWIST_HALF_ANGLE>
			<TWIST_STIFFNESS>1000</TWIST_STIFFNESS>
			<TWIST_DAMPING>1</TWIST_DAMPING>
			<POS1>0,0,0</POS1>
			<POS2>-0.2714582,-0.3251008,-0.1999993</POS2>
			<PRIMARY_AXIS1>0,-0.9999999,0</PRIMARY_AXIS1>
			<PRIMARY_AXIS2>2.975534e-008,-0.9999999,3.455195e-010</PRIMARY_AXIS2>
			<ORTHOGONAL_AXIS1>0.9999999,0,0</ORTHOGONAL_AXIS1>
			<ORTHOGONAL_AXIS2>1,-2.97554e-008,1.894543e-011</ORTHOGONAL_AXIS2>
		</JOINT>
