<?xml version="1.0"?>

<KARMA ka_file_version="1.0">
	<ASSET id="BloatRag" graphic="Bloat.PSK" scale="0.02" mass_scale="1" length_scale="1">
		<GEOMETRY id="belly">
			<PRIMITIVE id="belly_1" type="sphere">
				<RADIUS>0.09388488</RADIUS>
				<TM>1,0,0,0,0,1,0,0,0,0,1,0,0.1197622,0.02694875,-0.0430452,1</TM>
			</PRIMITIVE>
		</GEOMETRY>
		<GEOMETRY id="bip01 head">
			<PRIMITIVE id="bip01 head_1" type="sphyl">
				<RADIUS>0.1168244</RADIUS>
				<HEIGHT>0.1376492</HEIGHT>
				<TM>-1.422174e-009,-0.9999049,0.01379619,0,-2.11182e-008,-0.01379619,-0.9999048,0,1,-4.876049e-008,-2.2037e-008,0,0.1688244,-3.737028e-009,-5.721058e-009,1</TM>
			</PRIMITIVE>
		</GEOMETRY>
		<GEOMETRY id="bip01 l calf">
			<PRIMITIVE id="bip01 l calf_1" type="sphyl">
				<RADIUS>0.07358114</RADIUS>
				<HEIGHT>0.5797932</HEIGHT>
				<TM>9.461942e-010,0.9999619,0.008711713,0,3.370262e-009,-0.008711714,0.999962,0,0.9999999,2.762294e-008,2.113967e-008,0,0.2898966,1.10319e-008,-3.586127e-009,1</TM>
			</PRIMITIVE>
		</GEOMETRY>
		<GEOMETRY id="bip01 l clavicle">
			<PRIMITIVE id="bip01 l clavicle_1" type="sphyl">
				<RADIUS>0.05832782</RADIUS>
				<HEIGHT>0.163296</HEIGHT>
				<TM>1.900523e-007,-0.1685943,-0.9856855,0,5.968922e-008,0.9856855,-0.1685942,0,0.9999999,-3.198334e-008,1.970925e-007,0,0.08164799,-1.635291e-009,-4.778886e-008,1</TM>
			</PRIMITIVE>
		</GEOMETRY>
		<GEOMETRY id="bip01 l foot">
			<PRIMITIVE id="bip01 l foot_1" type="sphyl">
				<RADIUS>0.05840657</RADIUS>
				<HEIGHT>0.1986416</HEIGHT>
				<TM>0.865469,0.5009215,-0.006397471,0,0.005536876,0.003204782,0.9999795,0,0.5009317,-0.8654867,1.039538e-007,0,0.04975294,-0.08596082,5.49452e-009,1</TM>
			</PRIMITIVE>
		</GEOMETRY>
		<GEOMETRY id="bip01 l forearm">
			<PRIMITIVE id="bip01 l forearm_1" type="sphyl">
				<RADIUS>0.05361663</RADIUS>
				<HEIGHT>0.3768368</HEIGHT>
				<TM>9.82091e-008,-0.8946162,-0.4468353,0,-5.844135e-008,0.4468352,-0.8946161,0,0.9999999,1.268033e-007,-1.541415e-008,0,0.1884184,1.871951e-008,2.422835e-008,1</TM>
			</PRIMITIVE>
		</GEOMETRY>
		<GEOMETRY id="bip01 l hand">
			<PRIMITIVE id="Cleaver" type="box">
				<DIMS>0.2,0.02,0.4</DIMS>
				<TM>1,0,0,0,0,1,0,0,0,0,1,0,0.3,0,-0.2,1</TM>
			</PRIMITIVE>
			<PRIMITIVE id="bip01 l hand_1" type="sphyl">
				<RADIUS>0.05492766</RADIUS>
				<HEIGHT>0.1640813</HEIGHT>
				<TM>-0.01342236,-0.4454352,0.8952135,0,-0.0427216,-0.8942211,-0.4455819,0,0.9989967,-0.04422572,-0.007027196,0,0.08195835,-0.003628343,-0.0005765229,1</TM>
			</PRIMITIVE>
		</GEOMETRY>
		<GEOMETRY id="bip01 l thigh">
			<PRIMITIVE id="bip01 l thigh_1" type="sphyl">
				<RADIUS>0.1216228</RADIUS>
				<HEIGHT>0.6651081</HEIGHT>
				<TM>-1.111388e-009,-0.06320551,0.9980005,0,-1.836299e-008,-0.9980005,-0.06320552,0,1,1.797129e-008,3.069387e-008,0,0.332554,5.764597e-009,1.436095e-008,1</TM>
			</PRIMITIVE>
		</GEOMETRY>
		<GEOMETRY id="bip01 l upperarm">
			<PRIMITIVE id="bip01 l upperarm_1" type="sphyl">
				<RADIUS>0.07627495</RADIUS>
				<HEIGHT>0.3768369</HEIGHT>
				<TM>-4.167425e-008,0.1095199,-0.9939845,0,-2.470436e-008,0.9939845,0.1095199,0,0.9999999,-2.578622e-009,-1.04749e-007,0,0.1884184,-3.51703e-008,4.794189e-008,1</TM>
			</PRIMITIVE>
		</GEOMETRY>
		<GEOMETRY id="bip01 neck">
			<PRIMITIVE id="bip01 neck_1" type="sphere">
				<RADIUS>0.04707066</RADIUS>
				<TM>1,0,0,0,0,1,0,0,0,0,1,0,0.07387547,0.00639678,-0.0006784248,1</TM>
			</PRIMITIVE>
		</GEOMETRY>
		<GEOMETRY id="bip01 pelvis">
			<PRIMITIVE id="bip01 pelvis_1" type="sphyl">
				<RADIUS>0.237962</RADIUS>
				<HEIGHT>0.195421</HEIGHT>
				<TM>0.0008402052,-0.9999037,0.01385223,0,-5.151951e-005,-0.01385228,-0.9999041,0,0.9999996,0.000839377,-6.315328e-005,0,0.1027103,8.621957e-005,-6.489834e-006,1</TM>
			</PRIMITIVE>
		</GEOMETRY>
		<GEOMETRY id="bip01 r calf">
			<PRIMITIVE id="bip01 r calf_1" type="sphyl">
				<RADIUS>0.07665551</RADIUS>
				<HEIGHT>0.5797933</HEIGHT>
				<TM>1.638449e-008,0.9960768,0.0884939,0,2.748267e-008,-0.0884939,0.9960768,0,1,2.352969e-008,-6.153449e-008,0,0.2898967,1.364574e-008,-2.152827e-008,1</TM>
			</PRIMITIVE>
		</GEOMETRY>
		<GEOMETRY id="bip01 r clavicle">
			<PRIMITIVE id="bip01 r clavicle_1" type="sphyl">
				<RADIUS>0.08450435</RADIUS>
				<HEIGHT>0.163296</HEIGHT>
				<TM>-8.679064e-007,0.1685942,-0.9856855,0,-8.247212e-008,0.9856855,0.1685942,0,1,2.328884e-007,-8.422123e-007,0,0.08164798,1.424352e-008,3.810199e-008,1</TM>
			</PRIMITIVE>
		</GEOMETRY>
		<GEOMETRY id="bip01 r foot">
			<PRIMITIVE id="bip01 r foot_1" type="sphyl">
				<RADIUS>0.05888543</RADIUS>
				<HEIGHT>0.1790695</HEIGHT>
				<TM>0.8306033,0.5568239,0.006753518,0,-0.005609579,-0.003760663,0.9999772,0,0.5568366,-0.8306222,-7.304644e-008,0,0.04985621,-0.07436952,-7.672637e-009,1</TM>
			</PRIMITIVE>
		</GEOMETRY>
		<GEOMETRY id="bip01 r forearm">
			<PRIMITIVE id="bip01 r forearm_1" type="sphyl">
				<RADIUS>0.0612871</RADIUS>
				<HEIGHT>0.3768368</HEIGHT>
				<TM>-6.217533e-008,-0.8451042,0.5346017,0,-1.33853e-007,-0.5346016,-0.8451042,0,1,-1.357702e-007,-8.118175e-008,0,0.1884184,-3.888935e-008,-4.172827e-008,1</TM>
			</PRIMITIVE>
		</GEOMETRY>
		<GEOMETRY id="bip01 r hand">
			<PRIMITIVE id="bip01 r hand_1" type="sphyl">
				<RADIUS>0.05731751</RADIUS>
				<HEIGHT>0.2349132</HEIGHT>
				<TM>-7.041226e-008,-0.8137867,-0.5811636,0,1.349547e-007,0.5811636,-0.8137867,0,0.9999999,-1.576836e-007,3.781499e-008,0,0.1174565,-7.67832e-010,2.900753e-008,1</TM>
			</PRIMITIVE>
		</GEOMETRY>
		<GEOMETRY id="bip01 r thigh">
			<PRIMITIVE id="bip01 r thigh_1" type="sphyl">
				<RADIUS>0.1067683</RADIUS>
				<HEIGHT>0.6651083</HEIGHT>
				<TM>-6.80445e-008,0.9997414,0.02274654,0,1.152949e-007,-0.02274655,0.9997414,0,1,1.16982e-007,-1.285872e-007,0,0.3325542,3.064766e-008,-3.526975e-008,1</TM>
			</PRIMITIVE>
		</GEOMETRY>
		<GEOMETRY id="bip01 r upperarm">
			<PRIMITIVE id="bip01 r upperarm_1" type="sphyl">
				<RADIUS>0.06432485</RADIUS>
				<HEIGHT>0.3768369</HEIGHT>
				<TM>1.829173e-007,-0.3888848,-0.9212863,0,6.001696e-008,0.9212864,-0.3888848,0,1,-4.123023e-009,2.449414e-007,0,0.1884185,1.359994e-009,6.3431e-008,1</TM>
			</PRIMITIVE>
		</GEOMETRY>
		<GEOMETRY id="bip01 spine">
			<PRIMITIVE id="bip01 spine_1" type="sphere">
				<RADIUS>0.1166629</RADIUS>
				<TM>1,0,0,0,0,1,0,0,0,0,1,0,0.0873123,-0.008211289,-0.0009998322,1</TM>
			</PRIMITIVE>
		</GEOMETRY>
		<GEOMETRY id="bip01 spine1">
			<PRIMITIVE id="bip01 spine1_1" type="sphyl">
				<RADIUS>0.218756</RADIUS>
				<HEIGHT>0.197746</HEIGHT>
				<TM>0.0006499116,-0.9999976,0.002089467,0,1.345527e-006,-0.002089467,-0.9999979,0,0.9999999,0.0006498264,-1.336286e-008,0,0.108873,7.076893e-005,-2.972704e-009,1</TM>
			</PRIMITIVE>
		</GEOMETRY>
		<GEOMETRY id="bip01 spine2">
			<PRIMITIVE id="bip01 spine2_1" type="sphyl">
				<RADIUS>0.1532111</RADIUS>
				<HEIGHT>0.1792126</HEIGHT>
				<TM>0.0006181315,-0.999999,0.001257729,0,7.992387e-007,-0.001257728,-0.9999992,0,0.9999998,0.0006180786,2.089797e-008,0,0.08960618,5.539902e-005,-2.22779e-009,1</TM>
			</PRIMITIVE>
		</GEOMETRY>
		<MODEL id="bip01" type="dynamics_only">
			<DYNAMICS>
				<MASS>1.343382e-005</MASS>
				<DENSITY>1</DENSITY>
				<MASS_OFFSET>0,0,0</MASS_OFFSET>
				<INERTIA>5.373527e-010,0,0,5.373527e-010,0,5.373527e-010</INERTIA>
				<LIN_DAMP>0</LIN_DAMP>
				<ANG_DAMP>0</ANG_DAMP>
				<FAST_SPIN>0,1,0</FAST_SPIN>
				<USE_FAST_SPIN>0</USE_FAST_SPIN>
			</DYNAMICS>
		</MODEL>
		<MODEL id="bip01 head" type="dynamics_and_geometry" geometry="bip01 head">
			<DYNAMICS>
				<MASS>0.0177467</MASS>
				<DENSITY>1</DENSITY>
				<MASS_OFFSET>0.1688244,-3.737028e-009,-5.721058e-009</MASS_OFFSET>
				<INERTIA>9.181903e-005,0,0,0.0001430669,0,0.0001430669</INERTIA>
				<LIN_DAMP>0</LIN_DAMP>
				<ANG_DAMP>0</ANG_DAMP>
				<FAST_SPIN>0,1,0</FAST_SPIN>
				<USE_FAST_SPIN>0</USE_FAST_SPIN>
			</DYNAMICS>
		</MODEL>
		<MODEL id="bip01 l calf" type="dynamics_and_geometry" geometry="bip01 l calf">
			<DYNAMICS>
				<MASS>0.01232183</MASS>
				<DENSITY>1</DENSITY>
				<MASS_OFFSET>0.2898966,1.10319e-008,-3.586127e-009</MASS_OFFSET>
				<INERTIA>3.335631e-005,1.370084e-012,2.358534e-012,0.0004894042,-8.23089e-013,0.0004894043</INERTIA>
				<LIN_DAMP>0</LIN_DAMP>
				<ANG_DAMP>0</ANG_DAMP>
				<FAST_SPIN>0,1,0</FAST_SPIN>
				<USE_FAST_SPIN>0</USE_FAST_SPIN>
			</DYNAMICS>
		</MODEL>
		<MODEL id="bip01 l clavicle" type="dynamics_and_geometry" geometry="bip01 l clavicle">
			<DYNAMICS>
				<MASS>0.002756414</MASS>
				<DENSITY>1</DENSITY>
				<MASS_OFFSET>0.08164799,-1.635291e-009,-4.778886e-008</MASS_OFFSET>
				<INERTIA>4.688844e-006,2.71939e-013,-2.184197e-012,1.574676e-005,1.611392e-012,1.574676e-005</INERTIA>
				<LIN_DAMP>0</LIN_DAMP>
				<ANG_DAMP>0</ANG_DAMP>
				<FAST_SPIN>0,1,0</FAST_SPIN>
				<USE_FAST_SPIN>0</USE_FAST_SPIN>
			</DYNAMICS>
		</MODEL>
		<MODEL id="bip01 l foot" type="dynamics_and_geometry" geometry="bip01 l foot">
			<DYNAMICS>
				<MASS>0.02135326</MASS>
				<DENSITY>1</DENSITY>
				<MASS_OFFSET>0.04975294,-0.08596082,5.49452e-009</MASS_OFFSET>
				<INERTIA>1.815027e-005,7.473643e-006,0,9.608969e-006,0,2.348859e-005</INERTIA>
				<LIN_DAMP>0</LIN_DAMP>
				<ANG_DAMP>0</ANG_DAMP>
				<FAST_SPIN>0,1,0</FAST_SPIN>
				<USE_FAST_SPIN>0</USE_FAST_SPIN>
			</DYNAMICS>
		</MODEL>
		<MODEL id="bip01 l forearm" type="dynamics_and_geometry" geometry="bip01 l forearm">
			<DYNAMICS>
				<MASS>0.00432721</MASS>
				<DENSITY>1</DENSITY>
				<MASS_OFFSET>0.1884184,1.871951e-008,2.422835e-008</MASS_OFFSET>
				<INERTIA>6.219807e-006,-7.842864e-012,5.40232e-013,7.573326e-005,1.04964e-011,7.573326e-005</INERTIA>
				<LIN_DAMP>0</LIN_DAMP>
				<ANG_DAMP>0</ANG_DAMP>
				<FAST_SPIN>0,1,0</FAST_SPIN>
				<USE_FAST_SPIN>0</USE_FAST_SPIN>
			</DYNAMICS>
		</MODEL>
		<MODEL id="bip01 l hand" type="dynamics_and_geometry" geometry="bip01 l hand">
			<DYNAMICS>
				<MASS>0.2135326</MASS>
				<DENSITY>1</DENSITY>
				<MASS_OFFSET>0.08195835,-0.003628343,-0.0005765229</MASS_OFFSET>
				<INERTIA>3.20299e-006,0,0,1.281196e-005,0,1.281196e-005</INERTIA>
				<LIN_DAMP>0</LIN_DAMP>
				<ANG_DAMP>0</ANG_DAMP>
				<FAST_SPIN>0,1,0</FAST_SPIN>
				<USE_FAST_SPIN>0</USE_FAST_SPIN>
			</DYNAMICS>
		</MODEL>
		<MODEL id="bip01 l thigh" type="dynamics_and_geometry" geometry="bip01 l thigh">
			<DYNAMICS>
				<MASS>0.04109533</MASS>
				<DENSITY>1</DENSITY>
				<MASS_OFFSET>0.332554,5.764597e-009,1.436095e-008</MASS_OFFSET>
				<INERTIA>0.0003039432,5.147986e-011,9.457958e-012,0.00250143,2.594422e-011,0.00250143</INERTIA>
				<LIN_DAMP>0</LIN_DAMP>
				<ANG_DAMP>0</ANG_DAMP>
				<FAST_SPIN>0,1,0</FAST_SPIN>
				<USE_FAST_SPIN>0</USE_FAST_SPIN>
			</DYNAMICS>
		</MODEL>
		<MODEL id="bip01 l upperarm" type="dynamics_and_geometry" geometry="bip01 l upperarm">
			<DYNAMICS>
				<MASS>0.009350567</MASS>
				<DENSITY>1</DENSITY>
				<MASS_OFFSET>0.1884184,-3.51703e-008,4.794189e-008</MASS_OFFSET>
				<INERTIA>2.720017e-005,-5.676041e-012,4.604437e-012,0.0001925109,-1.079454e-013,0.0001925109</INERTIA>
				<LIN_DAMP>0</LIN_DAMP>
				<ANG_DAMP>0</ANG_DAMP>
				<FAST_SPIN>0,1,0</FAST_SPIN>
				<USE_FAST_SPIN>0</USE_FAST_SPIN>
			</DYNAMICS>
		</MODEL>
		<MODEL id="bip01 neck" type="dynamics_and_geometry" geometry="bip01 neck">
			<DYNAMICS>
				<MASS>0.0004664164</MASS>
				<DENSITY>1</DENSITY>
				<MASS_OFFSET>0.07387547,0.00639678,-0.0006784248</MASS_OFFSET>
				<INERTIA>4.133656e-007,0,0,4.133656e-007,0,4.133656e-007</INERTIA>
				<LIN_DAMP>0</LIN_DAMP>
				<ANG_DAMP>0</ANG_DAMP>
				<FAST_SPIN>0,1,0</FAST_SPIN>
				<USE_FAST_SPIN>0</USE_FAST_SPIN>
			</DYNAMICS>
		</MODEL>
		<MODEL id="bip01 pelvis" type="dynamics_and_geometry" geometry="bip01 pelvis">
			<DYNAMICS>
				<MASS>0.2045205</MASS>
				<DENSITY>1</DENSITY>
				<MASS_OFFSET>0.1027103,8.621957e-005,-6.489834e-006</MASS_OFFSET>
				<INERTIA>0.002767383,-1.067663e-006,0,0.003541439,0,0.003541439</INERTIA>
				<LIN_DAMP>0</LIN_DAMP>
				<ANG_DAMP>0</ANG_DAMP>
				<FAST_SPIN>0,1,0</FAST_SPIN>
				<USE_FAST_SPIN>0</USE_FAST_SPIN>
			</DYNAMICS>
		</MODEL>
		<MODEL id="bip01 r calf" type="dynamics_and_geometry" geometry="bip01 r calf">
			<DYNAMICS>
				<MASS>0.0134543</MASS>
				<DENSITY>1</DENSITY>
				<MASS_OFFSET>0.2898967,1.364574e-008,-2.152827e-008</MASS_OFFSET>
				<INERTIA>3.952916e-005,8.460724e-012,1.319733e-011,0.0005422328,4.848592e-013,0.0005422328</INERTIA>
				<LIN_DAMP>0</LIN_DAMP>
				<ANG_DAMP>0</ANG_DAMP>
				<FAST_SPIN>0,1,0</FAST_SPIN>
				<USE_FAST_SPIN>0</USE_FAST_SPIN>
			</DYNAMICS>
		</MODEL>
		<MODEL id="bip01 r clavicle" type="dynamics_and_geometry" geometry="bip01 r clavicle">
			<DYNAMICS>
				<MASS>0.006626818</MASS>
				<DENSITY>1</DENSITY>
				<MASS_OFFSET>0.08164798,1.424352e-008,3.810199e-008</MASS_OFFSET>
				<INERTIA>2.366101e-005,-6.804118e-012,2.560362e-011,5.410215e-005,3.416751e-013,5.410215e-005</INERTIA>
				<LIN_DAMP>0</LIN_DAMP>
				<ANG_DAMP>0</ANG_DAMP>
				<FAST_SPIN>0,1,0</FAST_SPIN>
				<USE_FAST_SPIN>0</USE_FAST_SPIN>
			</DYNAMICS>
		</MODEL>
		<MODEL id="bip01 r foot" type="dynamics_and_geometry" geometry="bip01 r foot">
			<DYNAMICS>
				<MASS>0.1067663</MASS>
				<DENSITY>1</DENSITY>
				<MASS_OFFSET>0.04985621,-0.07436952,-7.672637e-009</MASS_OFFSET>
				<INERTIA>1.494729e-005,6.40598e-006,0,9.608969e-006,0,1.921794e-005</INERTIA>
				<LIN_DAMP>0</LIN_DAMP>
				<ANG_DAMP>0</ANG_DAMP>
				<FAST_SPIN>0,1,0</FAST_SPIN>
				<USE_FAST_SPIN>0</USE_FAST_SPIN>
			</DYNAMICS>
		</MODEL>
		<MODEL id="bip01 r forearm" type="dynamics_and_geometry" geometry="bip01 r forearm">
			<DYNAMICS>
				<MASS>0.005783539</MASS>
				<DENSITY>1</DENSITY>
				<MASS_OFFSET>0.1884184,-3.888935e-008,-4.172827e-008</MASS_OFFSET>
				<INERTIA>1.08618e-005,1.18041e-011,7.665337e-012,0.0001069985,-6.010276e-012,0.0001069985</INERTIA>
				<LIN_DAMP>0</LIN_DAMP>
				<ANG_DAMP>0</ANG_DAMP>
				<FAST_SPIN>0,1,0</FAST_SPIN>
				<USE_FAST_SPIN>0</USE_FAST_SPIN>
			</DYNAMICS>
		</MODEL>
		<MODEL id="bip01 r hand" type="dynamics_and_geometry" geometry="bip01 r hand">
			<DYNAMICS>
				<MASS>0.02135326</MASS>
				<DENSITY>1</DENSITY>
				<MASS_OFFSET>0.1174565,-7.67832e-010,2.900753e-008</MASS_OFFSET>
				<INERTIA>5.338316e-006,0,0,3.096223e-005,0,3.096223e-005</INERTIA>
				<LIN_DAMP>0</LIN_DAMP>
				<ANG_DAMP>0</ANG_DAMP>
				<FAST_SPIN>0,1,0</FAST_SPIN>
				<USE_FAST_SPIN>0</USE_FAST_SPIN>
			</DYNAMICS>
		</MODEL>
		<MODEL id="bip01 r thigh" type="dynamics_and_geometry" geometry="bip01 r thigh">
			<DYNAMICS>
				<MASS>0.03090792</MASS>
				<DENSITY>1</DENSITY>
				<MASS_OFFSET>0.3325542,3.064766e-008,-3.526975e-008</MASS_OFFSET>
				<INERTIA>0.000176167,-1.045195e-010,1.787529e-010,0.001771109,-1.790304e-011,0.001771109</INERTIA>
				<LIN_DAMP>0</LIN_DAMP>
				<ANG_DAMP>0</ANG_DAMP>
				<FAST_SPIN>0,1,0</FAST_SPIN>
				<USE_FAST_SPIN>0</USE_FAST_SPIN>
			</DYNAMICS>
		</MODEL>
		<MODEL id="bip01 r upperarm" type="dynamics_and_geometry" geometry="bip01 r upperarm">
			<DYNAMICS>
				<MASS>0.006427644</MASS>
				<DENSITY>1</DENSITY>
				<MASS_OFFSET>0.1884185,1.359994e-009,6.3431e-008</MASS_OFFSET>
				<INERTIA>1.329779e-005,-1.980154e-012,-2.006157e-011,0.0001215412,-5.39928e-012,0.0001215412</INERTIA>
				<LIN_DAMP>0</LIN_DAMP>
				<ANG_DAMP>0</ANG_DAMP>
				<FAST_SPIN>0,1,0</FAST_SPIN>
				<USE_FAST_SPIN>0</USE_FAST_SPIN>
			</DYNAMICS>
		</MODEL>
		<MODEL id="bip01 spine" type="dynamics_and_geometry" geometry="bip01 spine">
			<DYNAMICS>
				<MASS>0.5338316</MASS>
				<DENSITY>1</DENSITY>
				<MASS_OFFSET>0.0873123,-0.008211289,-0.0009998322</MASS_OFFSET>
				<INERTIA>3.843588e-005,0,0,3.843588e-005,0,3.843588e-005</INERTIA>
				<LIN_DAMP>0</LIN_DAMP>
				<ANG_DAMP>0</ANG_DAMP>
				<FAST_SPIN>0,1,0</FAST_SPIN>
				<USE_FAST_SPIN>0</USE_FAST_SPIN>
			</DYNAMICS>
		</MODEL>
		<MODEL id="bip01 spine1" type="dynamics_and_geometry" geometry="bip01 spine1">
			<DYNAMICS>
				<MASS>0.5338316</MASS>
				<DENSITY>1</DENSITY>
				<MASS_OFFSET>0.108873,7.076893e-005,-2.972704e-009</MASS_OFFSET>
				<INERTIA>0.001886561,0,0,0.002529294,0,0.002529294</INERTIA>
				<LIN_DAMP>0</LIN_DAMP>
				<ANG_DAMP>0</ANG_DAMP>
				<FAST_SPIN>0,1,0</FAST_SPIN>
				<USE_FAST_SPIN>0</USE_FAST_SPIN>
			</DYNAMICS>
		</MODEL>
		<MODEL id="bip01 spine2" type="dynamics_and_geometry" geometry="bip01 spine2">
			<DYNAMICS>
				<MASS>0.2135326</MASS>
				<DENSITY>1</DENSITY>
				<MASS_OFFSET>0.08960618,5.539902e-005,-2.22779e-009</MASS_OFFSET>
				<INERTIA>0.0003555318,0,0,0.0005519819,0,0.0005519819</INERTIA>
				<LIN_DAMP>0</LIN_DAMP>
				<ANG_DAMP>0</ANG_DAMP>
				<FAST_SPIN>0,1,0</FAST_SPIN>
				<USE_FAST_SPIN>0</USE_FAST_SPIN>
			</DYNAMICS>
		</MODEL>
		<PART id="bip01" model="bip01">
			<TM>0.9995442,-0.02682366,-0.01385332,0,-0.01385831,-4.377283e-008,-0.999904,0,0.02682108,0.9996402,-0.0003717743,0,0.1555104,1.296633,0.0873965,1</TM>
		</PART>
		<PART id="bip01 head" model="bip01 head" parent="bip01 neck">
			<TM>-0.05152358,0.9986709,-0.001339937,0,-0.9985777,-0.05150026,0.01379613,0,0.01370879,0.002048858,0.9999039,0,0.05458585,2.244963,0.08611856,1</TM>
		</PART>
		<PART id="bip01 l calf" model="bip01 l calf" parent="bip01 l thigh">
			<TM>-0.2706045,-0.9422897,0.1971382,0,-0.960641,0.2776615,0.008540818,0,-0.0627856,-0.1870678,-0.9803386,0,0.08070783,0.6485727,0.3415614,1</TM>
		</PART>
		<PART id="bip01 l clavicle" model="bip01 l clavicle" parent="bip01 neck">
			<TM>0.0001296017,0.00669266,0.9999776,0,0.9856853,0.1685907,-0.001256095,0,-0.1685953,0.9856634,-0.006575007,0,0.05736159,2.104559,0.1310231,1</TM>
		</PART>
		<PART id="bip01 l foot" model="bip01 l foot" parent="bip01 l calf">
			<TM>-0.01414375,-0.9998064,-0.01367979,0,-0.999843,0.0139956,0.01086605,0,-0.01067249,0.01383133,-0.9998474,0,-0.076187,0.1022392,0.4558609,1</TM>
		</PART>
		<PART id="bip01 l forearm" model="bip01 l forearm" parent="bip01 l upperarm">
			<TM>0.8376088,-0.519144,0.1700029,0,0.5358627,0.72039,-0.4403287,0,0.1061256,0.4599214,0.881595,0,-0.03570412,1.786616,0.47196,1</TM>
		</PART>
		<PART id="bip01 l hand" model="bip01 l hand" parent="bip01 l forearm">
			<TM>0.8376088,-0.519144,0.1700029,0,0.1065548,0.4604982,0.881242,0,-0.5357775,-0.7200214,0.4410346,0,0.2799377,1.590984,0.5360234,1</TM>
		</PART>
		<PART id="bip01 l thigh" model="bip01 l thigh" parent="bip01 spine">
			<TM>-0.1150839,-0.9743671,0.1932988,0,-0.9913696,0.1249576,0.03964769,0,-0.06278557,-0.1870678,-0.9803385,0,0.1572511,1.296633,0.2129966,1</TM>
		</PART>
		<PART id="bip01 l upperarm" model="bip01 l upperarm" parent="bip01 l clavicle">
			<TM>-0.2470207,-0.8466138,0.4714084,0,0.9631813,-0.2678007,0.02376266,0,0.1061257,0.4599216,0.8815949,0,0.05738274,2.105653,0.2943154,1</TM>
		</PART>
		<PART id="bip01 neck" model="bip01 neck" parent="bip01 spine2">
			<TM>-0.01888758,0.9997993,-0.006688884,0,-0.9998216,-0.01888628,0.0002586767,0,0.0001322967,0.006692576,0.9999776,0,0.05724386,2.104264,0.08705987,1</TM>
		</PART>
		<PART id="bip01 pelvis" model="bip01 pelvis" parent="bip01">
			<TM>0.0268211,0.9996402,-0.0003731751,0,-0.9995442,0.02682369,0.01385192,0,0.01385694,1.481362e-006,0.999904,0,0.1555104,1.296633,0.0873965,1</TM>
		</PART>
		<PART id="bip01 r calf" model="bip01 r calf" parent="bip01 r thigh">
			<TM>-0.2461474,-0.9626966,-0.1123684,0,-0.9674949,0.2371105,0.08793338,0,-0.05800945,0.1303604,-0.9897682,0,0.3221469,0.6600502,-0.1319152,1</TM>
		</PART>
		<PART id="bip01 r clavicle" model="bip01 r clavicle" parent="bip01 neck">
			<TM>-0.0001296025,-0.006692659,-0.9999776,0,0.9856853,0.1685907,-0.001256096,0,0.1685953,-0.9856634,0.006575006,0,0.05735018,2.103971,0.04309658,1</TM>
		</PART>
		<PART id="bip01 r foot" model="bip01 r foot" parent="bip01 r calf">
			<TM>0.003919967,-0.9999917,-0.001129515,0,-0.9998969,-0.003935196,0.01381226,0,-0.01381659,0.001075255,-0.999904,0,0.1794319,0.1018842,-0.1970657,1</TM>
		</PART>
		<PART id="bip01 r forearm" model="bip01 r forearm" parent="bip01 r upperarm">
			<TM>0.4434118,-0.8667939,-0.228154,0,0.8079244,0.2762929,0.5205002,0,-0.3881291,-0.4151271,0.8228155,0,0.08080799,1.76275,-0.2807216,1</TM>
		</PART>
		<PART id="bip01 r hand" model="bip01 r hand" parent="bip01 r forearm">
			<TM>0.2926284,-0.9561206,0.01421748,0,0.7805756,0.2302604,-0.581104,0,0.5523318,0.1811454,0.8137051,0,0.2479023,1.43611,-0.3666987,1</TM>
		</PART>
		<PART id="bip01 r thigh" model="bip01 r thigh" parent="bip01 spine">
			<TM>0.2531574,-0.95711,-0.1408964,0,-0.9656844,-0.2587405,0.02251972,0,-0.05800946,0.1303605,-0.9897682,0,0.1537696,1.296633,-0.03820376,1</TM>
		</PART>
		<PART id="bip01 r upperarm" model="bip01 r upperarm" parent="bip01 r clavicle">
			<TM>0.06230546,-0.9025838,-0.4259819,0,0.9194965,-0.1140701,0.3761837,0,-0.3881291,-0.4151272,0.8228155,0,0.05732899,2.102879,-0.1201956,1</TM>
		</PART>
		<PART id="bip01 spine" model="bip01 spine" parent="bip01 pelvis">
			<TM>-0.04315152,0.9990121,0.01062586,0,-0.9971596,-0.04240946,-0.06224288,0,-0.06173075,-0.01328155,0.9980045,0,0.1608475,1.501984,0.08730926,1</TM>
		</PART>
		<PART id="bip01 spine1" model="bip01 spine1" parent="bip01 spine">
			<TM>-0.2926551,0.9561969,-0.006361666,0,-0.9562181,-0.2926477,0.002085285,0,0.000132216,0.006693409,0.9999776,0,0.1512864,1.719446,0.08962316,1</TM>
		</PART>
		<PART id="bip01 spine2" model="bip01 spine2" parent="bip01 spine1">
			<TM>-0.1678084,0.9857977,-0.006575964,0,-0.9858196,-0.1678037,0.001253602,0,0.0001323268,0.006693079,0.9999776,0,0.08742653,1.927613,0.08823822,1</TM>
		</PART>
		<NO_COLLISION part1="bip01" part2="bip01 pelvis"></NO_COLLISION>
		<NO_COLLISION part1="bip01 head" part2="bip01 l clavicle"></NO_COLLISION>
		<NO_COLLISION part1="bip01 head" part2="bip01 neck"></NO_COLLISION>
		<NO_COLLISION part1="bip01 head" part2="bip01 r clavicle"></NO_COLLISION>
		<NO_COLLISION part1="bip01 head" part2="bip01 spine2"></NO_COLLISION>
		<NO_COLLISION part1="bip01 l calf" part2="bip01 l foot"></NO_COLLISION>
		<NO_COLLISION part1="bip01 l calf" part2="bip01 l thigh"></NO_COLLISION>
		<NO_COLLISION part1="bip01 l clavicle" part2="bip01 l upperarm"></NO_COLLISION>
		<NO_COLLISION part1="bip01 l clavicle" part2="bip01 neck"></NO_COLLISION>
		<NO_COLLISION part1="bip01 l clavicle" part2="bip01 r clavicle"></NO_COLLISION>
		<NO_COLLISION part1="bip01 l clavicle" part2="bip01 spine1"></NO_COLLISION>
		<NO_COLLISION part1="bip01 l clavicle" part2="bip01 spine2"></NO_COLLISION>
		<NO_COLLISION part1="bip01 l forearm" part2="bip01 l hand"></NO_COLLISION>
		<NO_COLLISION part1="bip01 l forearm" part2="bip01 l upperarm"></NO_COLLISION>
		<NO_COLLISION part1="bip01 l thigh" part2="bip01 pelvis"></NO_COLLISION>
		<NO_COLLISION part1="bip01 l thigh" part2="bip01 spine"></NO_COLLISION>
		<NO_COLLISION part1="bip01 l upperarm" part2="bip01 spine2"></NO_COLLISION>
		<NO_COLLISION part1="bip01 neck" part2="bip01 r clavicle"></NO_COLLISION>
		<NO_COLLISION part1="bip01 neck" part2="bip01 spine2"></NO_COLLISION>
		<NO_COLLISION part1="bip01 pelvis" part2="bip01 r thigh"></NO_COLLISION>
		<NO_COLLISION part1="bip01 pelvis" part2="bip01 spine"></NO_COLLISION>
		<NO_COLLISION part1="bip01 pelvis" part2="bip01 spine1"></NO_COLLISION>
		<NO_COLLISION part1="bip01 r calf" part2="bip01 r foot"></NO_COLLISION>
		<NO_COLLISION part1="bip01 r calf" part2="bip01 r thigh"></NO_COLLISION>
		<NO_COLLISION part1="bip01 r clavicle" part2="bip01 r upperarm"></NO_COLLISION>
		<NO_COLLISION part1="bip01 r clavicle" part2="bip01 spine1"></NO_COLLISION>
		<NO_COLLISION part1="bip01 r clavicle" part2="bip01 spine2"></NO_COLLISION>
		<NO_COLLISION part1="bip01 r forearm" part2="bip01 r hand"></NO_COLLISION>
		<NO_COLLISION part1="bip01 r forearm" part2="bip01 r upperarm"></NO_COLLISION>
		<NO_COLLISION part1="bip01 r thigh" part2="bip01 spine"></NO_COLLISION>
		<NO_COLLISION part1="bip01 r upperarm" part2="bip01 spine2"></NO_COLLISION>
		<NO_COLLISION part1="bip01 spine" part2="bip01 spine1"></NO_COLLISION>
		<NO_COLLISION part1="bip01 spine1" part2="bip01 spine2"></NO_COLLISION>
		<JOINT id="bip01 head" part1="bip01 head" part2="bip01 neck" type="hinge">
			<HIGH_LIMIT>0.4</HIGH_LIMIT>
			<LOW_LIMIT>-0.4</LOW_LIMIT>
			<HIGH_STIFFNESS>1000</HIGH_STIFFNESS>
			<LOW_STIFFNESS>1000</LOW_STIFFNESS>
			<LIMITED>1</LIMITED>
			<MOTORIZED>0</MOTORIZED>
			<DES_VEL>1</DES_VEL>
			<MAX_FORCE>1000</MAX_FORCE>
			<POS1>0,0,0</POS1>
			<POS2>0.1407276,1.916485e-008,7.177536e-009</POS2>
			<PRIMARY_AXIS1>1,0,0</PRIMARY_AXIS1>
			<PRIMARY_AXIS2>0.9994556,0.03265301,0.005337011</PRIMARY_AXIS2>
			<ORTHOGONAL_AXIS1>0,1,0</ORTHOGONAL_AXIS1>
			<ORTHOGONAL_AXIS2>-0.03272156,0.9993757,0.01331906</ORTHOGONAL_AXIS2>
		</JOINT>
		<JOINT id="bip01 l calf" part1="bip01 l calf" part2="bip01 l thigh" type="hinge">
			<HIGH_LIMIT>0.4</HIGH_LIMIT>
			<LOW_LIMIT>-0.4</LOW_LIMIT>
			<HIGH_STIFFNESS>1000</HIGH_STIFFNESS>
			<LOW_STIFFNESS>1000</LOW_STIFFNESS>
			<LIMITED>1</LIMITED>
			<MOTORIZED>0</MOTORIZED>
			<DES_VEL>1</DES_VEL>
			<MAX_FORCE>1000</MAX_FORCE>
			<POS1>0,0,0</POS1>
			<POS2>0.6651093,-2.020083e-007,3.710074e-008</POS2>
			<PRIMARY_AXIS1>1,0,0</PRIMARY_AXIS1>
			<PRIMARY_AXIS2>0.9873857,0.1583388,6.128326e-008</PRIMARY_AXIS2>
			<ORTHOGONAL_AXIS1>0,1,0</ORTHOGONAL_AXIS1>
			<ORTHOGONAL_AXIS2>-0.1583393,0.987385,-8.096119e-008</ORTHOGONAL_AXIS2>
		</JOINT>
		<JOINT id="bip01 l clavicle" part1="bip01 l clavicle" part2="bip01 neck" type="hinge">
			<HIGH_LIMIT>0.4</HIGH_LIMIT>
			<LOW_LIMIT>-0.4</LOW_LIMIT>
			<HIGH_STIFFNESS>1000</HIGH_STIFFNESS>
			<LOW_STIFFNESS>1000</LOW_STIFFNESS>
			<LIMITED>1</LIMITED>
			<MOTORIZED>0</MOTORIZED>
			<DES_VEL>1</DES_VEL>
			<MAX_FORCE>1000</MAX_FORCE>
			<POS1>0,0,0</POS1>
			<POS2>-4.71919e-007,-0.0001119275,0.04396425</POS2>
			<PRIMARY_AXIS1>1,0,0</PRIMARY_AXIS1>
			<PRIMARY_AXIS2>1.347409e-007,2.692925e-006,1</PRIMARY_AXIS2>
			<ORTHOGONAL_AXIS1>0,1,0</ORTHOGONAL_AXIS1>
			<ORTHOGONAL_AXIS2>0.1499482,-0.988694,2.631267e-006</ORTHOGONAL_AXIS2>
		</JOINT>
		<JOINT id="bip01 l foot" part1="bip01 l foot" part2="bip01 l calf" type="hinge">
			<HIGH_LIMIT>0.4</HIGH_LIMIT>
			<LOW_LIMIT>-0.4</LOW_LIMIT>
			<HIGH_STIFFNESS>1000</HIGH_STIFFNESS>
			<LOW_STIFFNESS>1000</LOW_STIFFNESS>
			<LIMITED>1</LIMITED>
			<MOTORIZED>0</MOTORIZED>
			<DES_VEL>1</DES_VEL>
			<MAX_FORCE>1000</MAX_FORCE>
			<POS1>0,0,0</POS1>
			<POS2>0.5797939,-1.241307e-007,1.894913e-008</POS2>
			<PRIMARY_AXIS1>1,0,0</PRIMARY_AXIS1>
			<PRIMARY_AXIS2>0.9432387,-0.264138,0.2013307</PRIMARY_AXIS2>
			<ORTHOGONAL_AXIS1>0,1,0</ORTHOGONAL_AXIS1>
			<ORTHOGONAL_AXIS2>0.2595162,0.9644693,0.04950516</ORTHOGONAL_AXIS2>
		</JOINT>
		<JOINT id="bip01 l forearm" part1="bip01 l forearm" part2="bip01 l upperarm" type="hinge">
			<HIGH_LIMIT>0.4</HIGH_LIMIT>
			<LOW_LIMIT>-0.4</LOW_LIMIT>
			<HIGH_STIFFNESS>100</HIGH_STIFFNESS>
			<LOW_STIFFNESS>100</LOW_STIFFNESS>
			<LIMITED>1</LIMITED>
			<MOTORIZED>0</MOTORIZED>
			<DES_VEL>1</DES_VEL>
			<MAX_FORCE>1000</MAX_FORCE>
			<POS1>0,0,0</POS1>
			<POS2>0.376839,3.641233e-007,-7.984906e-007</POS2>
			<PRIMARY_AXIS1>1,0,0</PRIMARY_AXIS1>
			<PRIMARY_AXIS2>0.3127492,0.9498369,-1.007775e-006</PRIMARY_AXIS2>
			<ORTHOGONAL_AXIS1>0,1,0</ORTHOGONAL_AXIS1>
			<ORTHOGONAL_AXIS2>-0.9498385,0.312747,1.437765e-006</ORTHOGONAL_AXIS2>
		</JOINT>
		<JOINT id="bip01 l hand" part1="bip01 l hand" part2="bip01 l forearm" type="hinge">
			<HIGH_LIMIT>0.4</HIGH_LIMIT>
			<LOW_LIMIT>-0.4</LOW_LIMIT>
			<HIGH_STIFFNESS>1000</HIGH_STIFFNESS>
			<LOW_STIFFNESS>1000</LOW_STIFFNESS>
			<LIMITED>1</LIMITED>
			<MOTORIZED>0</MOTORIZED>
			<DES_VEL>1</DES_VEL>
			<MAX_FORCE>1000</MAX_FORCE>
			<POS1>0,0,0</POS1>
			<POS2>0.3768369,-2.874504e-007,-3.331321e-007</POS2>
			<PRIMARY_AXIS1>1,0,0</PRIMARY_AXIS1>
			<PRIMARY_AXIS2>1.000001,-1.253968e-006,-1.045721e-006</PRIMARY_AXIS2>
			<ORTHOGONAL_AXIS1>0,1,0</ORTHOGONAL_AXIS1>
			<ORTHOGONAL_AXIS2>-1.067465e-006,0.000800877,1</ORTHOGONAL_AXIS2>
		</JOINT>
		<JOINT id="bip01 l thigh" part1="bip01 l thigh" part2="bip01 spine" type="skeletal">
			<CONE_TYPE>2</CONE_TYPE>
			<CONE_HALF_ANGLE_X>0.4</CONE_HALF_ANGLE_X>
			<CONE_HALF_ANGLE_Y>0.3</CONE_HALF_ANGLE_Y>
			<CONE_STIFFNESS>1000</CONE_STIFFNESS>
			<CONE_DAMPING>1</CONE_DAMPING>
			<TWIST_TYPE>2</TWIST_TYPE>
			<TWIST_HALF_ANGLE>1.570796</TWIST_HALF_ANGLE>
			<TWIST_STIFFNESS>1000</TWIST_STIFFNESS>
			<TWIST_DAMPING>1</TWIST_DAMPING>
			<POS1>0,0,0</POS1>
			<POS2>-0.2036576,0.004471875,0.1283859</POS2>
			<PRIMARY_AXIS1>1,0,0</PRIMARY_AXIS1>
			<PRIMARY_AXIS2>-0.9663853,0.1440481,0.2129585</PRIMARY_AXIS2>
			<ORTHOGONAL_AXIS1>0,1,0</ORTHOGONAL_AXIS1>
			<ORTHOGONAL_AXIS2>0.1680348,0.9807866,0.0991069</ORTHOGONAL_AXIS2>
		</JOINT>
		<JOINT id="bip01 l upperarm" part1="bip01 l upperarm" part2="bip01 l clavicle" type="skeletal">
			<CONE_TYPE>2</CONE_TYPE>
			<CONE_HALF_ANGLE_X>0.5</CONE_HALF_ANGLE_X>
			<CONE_HALF_ANGLE_Y>0.8</CONE_HALF_ANGLE_Y>
			<CONE_STIFFNESS>100</CONE_STIFFNESS>
			<CONE_DAMPING>1</CONE_DAMPING>
			<TWIST_TYPE>2</TWIST_TYPE>
			<TWIST_HALF_ANGLE>1.570796</TWIST_HALF_ANGLE>
			<TWIST_STIFFNESS>1000</TWIST_STIFFNESS>
			<TWIST_DAMPING>1</TWIST_DAMPING>
			<POS1>0,0,0</POS1>
			<POS2>0.163296,4.187867e-008,3.773252e-007</POS2>
			<PRIMARY_AXIS1>1,0,0</PRIMARY_AXIS1>
			<PRIMARY_AXIS2>0.4657003,-0.3868085,-0.7959317</PRIMARY_AXIS2>
			<ORTHOGONAL_AXIS1>0,1,0</ORTHOGONAL_AXIS1>
			<ORTHOGONAL_AXIS2>0.02209503,0.904215,-0.4265065</ORTHOGONAL_AXIS2>
		</JOINT>
		<JOINT id="bip01 neck" part1="bip01 neck" part2="bip01 spine2" type="skeletal">
			<CONE_TYPE>2</CONE_TYPE>
			<CONE_HALF_ANGLE_X>0.7</CONE_HALF_ANGLE_X>
			<CONE_HALF_ANGLE_Y>0.7</CONE_HALF_ANGLE_Y>
			<CONE_STIFFNESS>1000</CONE_STIFFNESS>
			<CONE_DAMPING>1</CONE_DAMPING>
			<TWIST_TYPE>2</TWIST_TYPE>
			<TWIST_HALF_ANGLE>1.570796</TWIST_HALF_ANGLE>
			<TWIST_STIFFNESS>1000</TWIST_STIFFNESS>
			<TWIST_DAMPING>1</TWIST_DAMPING>
			<POS1>0,0,0</POS1>
			<POS2>0.1792144,0.0001105334,2.465048e-008</POS2>
			<PRIMARY_AXIS1>1,0,0</PRIMARY_AXIS1>
			<PRIMARY_AXIS2>0.9888163,-0.1491593,5.449696e-007</PRIMARY_AXIS2>
			<ORTHOGONAL_AXIS1>0,1,0</ORTHOGONAL_AXIS1>
			<ORTHOGONAL_AXIS2>0.149159,0.9888132,-2.694715e-008</ORTHOGONAL_AXIS2>
		</JOINT>
		<JOINT id="bip01 pelvis" part1="bip01 pelvis" part2="bip01" type="hinge">
			<HIGH_LIMIT>0.4</HIGH_LIMIT>
			<LOW_LIMIT>-0.4</LOW_LIMIT>
			<HIGH_STIFFNESS>1000</HIGH_STIFFNESS>
			<LOW_STIFFNESS>1000</LOW_STIFFNESS>
			<LIMITED>1</LIMITED>
			<MOTORIZED>0</MOTORIZED>
			<DES_VEL>1</DES_VEL>
			<MAX_FORCE>1000</MAX_FORCE>
			<POS1>0,0,0</POS1>
			<POS2>-1.840956e-009,-2.812237e-009,-3.302263e-008</POS2>
			<PRIMARY_AXIS1>1,0,0</PRIMARY_AXIS1>
			<PRIMARY_AXIS2>3.085662e-008,1.400506e-006,1</PRIMARY_AXIS2>
			<ORTHOGONAL_AXIS1>0,1,0</ORTHOGONAL_AXIS1>
			<ORTHOGONAL_AXIS2>-1,1.404026e-006,4.731793e-008</ORTHOGONAL_AXIS2>
		</JOINT>
		<JOINT id="bip01 r calf" part1="bip01 r calf" part2="bip01 r thigh" type="hinge">
			<HIGH_LIMIT>0.4</HIGH_LIMIT>
			<LOW_LIMIT>-0.4</LOW_LIMIT>
			<HIGH_STIFFNESS>1000</HIGH_STIFFNESS>
			<LOW_STIFFNESS>1000</LOW_STIFFNESS>
			<LIMITED>1</LIMITED>
			<MOTORIZED>0</MOTORIZED>
			<DES_VEL>1</DES_VEL>
			<MAX_FORCE>1000</MAX_FORCE>
			<POS1>0,0,0</POS1>
			<POS2>0.6651098,1.539808e-007,-1.370848e-007</POS2>
			<PRIMARY_AXIS1>1,0,0</PRIMARY_AXIS1>
			<PRIMARY_AXIS2>0.8749257,0.4842592,-1.834408e-007</PRIMARY_AXIS2>
			<ORTHOGONAL_AXIS1>0,1,0</ORTHOGONAL_AXIS1>
			<ORTHOGONAL_AXIS2>-0.4842594,0.8749245,2.973477e-008</ORTHOGONAL_AXIS2>
		</JOINT>
		<JOINT id="bip01 r clavicle" part1="bip01 r clavicle" part2="bip01 neck" type="hinge">
			<HIGH_LIMIT>0.4</HIGH_LIMIT>
			<LOW_LIMIT>-0.4</LOW_LIMIT>
			<HIGH_STIFFNESS>1000</HIGH_STIFFNESS>
			<LOW_STIFFNESS>1000</LOW_STIFFNESS>
			<LIMITED>1</LIMITED>
			<MOTORIZED>0</MOTORIZED>
			<DES_VEL>1</DES_VEL>
			<MAX_FORCE>1000</MAX_FORCE>
			<POS1>0,0,0</POS1>
			<POS2>5.172488e-008,-0.0001121595,-0.04396424</POS2>
			<PRIMARY_AXIS1>1,0,0</PRIMARY_AXIS1>
			<PRIMARY_AXIS2>-1.336619e-007,-2.692188e-006,-0.9999999</PRIMARY_AXIS2>
			<ORTHOGONAL_AXIS1>0,1,0</ORTHOGONAL_AXIS1>
			<ORTHOGONAL_AXIS2>0.1499483,-0.9886938,2.630179e-006</ORTHOGONAL_AXIS2>
		</JOINT>
		<JOINT id="bip01 r foot" part1="bip01 r foot" part2="bip01 r calf" type="hinge">
			<HIGH_LIMIT>0.4</HIGH_LIMIT>
			<LOW_LIMIT>-0.4</LOW_LIMIT>
			<HIGH_STIFFNESS>1000</HIGH_STIFFNESS>
			<LOW_STIFFNESS>1000</LOW_STIFFNESS>
			<LIMITED>1</LIMITED>
			<MOTORIZED>0</MOTORIZED>
			<DES_VEL>1</DES_VEL>
			<MAX_FORCE>1000</MAX_FORCE>
			<POS1>0,0,0</POS1>
			<POS2>0.5797945,-1.162572e-007,-1.369106e-007</POS2>
			<PRIMARY_AXIS1>1,0,0</PRIMARY_AXIS1>
			<PRIMARY_AXIS2>0.9618517,-0.241001,-0.1294689</PRIMARY_AXIS2>
			<ORTHOGONAL_AXIS1>0,1,0</ORTHOGONAL_AXIS1>
			<ORTHOGONAL_AXIS2>0.2483581,0.9676764,0.04381955</ORTHOGONAL_AXIS2>
		</JOINT>
		<JOINT id="bip01 r forearm" part1="bip01 r forearm" part2="bip01 r upperarm" type="hinge">
			<HIGH_LIMIT>0.4</HIGH_LIMIT>
			<LOW_LIMIT>-0.4</LOW_LIMIT>
			<HIGH_STIFFNESS>100</HIGH_STIFFNESS>
			<LOW_STIFFNESS>100</LOW_STIFFNESS>
			<LIMITED>1</LIMITED>
			<MOTORIZED>0</MOTORIZED>
			<DES_VEL>1</DES_VEL>
			<MAX_FORCE>1000</MAX_FORCE>
			<POS1>0,0,0</POS1>
			<POS2>0.3768387,4.131064e-007,7.432912e-007</POS2>
			<PRIMARY_AXIS1>1,0,0</PRIMARY_AXIS1>
			<PRIMARY_AXIS2>0.9071723,0.4207642,9.029221e-007</PRIMARY_AXIS2>
			<ORTHOGONAL_AXIS1>0,1,0</ORTHOGONAL_AXIS1>
			<ORTHOGONAL_AXIS2>-0.4207633,0.9071697,-1.422002e-007</ORTHOGONAL_AXIS2>
		</JOINT>
		<JOINT id="bip01 r hand" part1="bip01 r hand" part2="bip01 r forearm" type="hinge">
			<HIGH_LIMIT>0.4</HIGH_LIMIT>
			<LOW_LIMIT>-0.4</LOW_LIMIT>
			<HIGH_STIFFNESS>1000</HIGH_STIFFNESS>
			<LOW_STIFFNESS>1000</LOW_STIFFNESS>
			<LIMITED>1</LIMITED>
			<MOTORIZED>0</MOTORIZED>
			<DES_VEL>1</DES_VEL>
			<MAX_FORCE>1000</MAX_FORCE>
			<POS1>0,0,0</POS1>
			<POS2>0.3768379,4.77467e-010,8.151169e-008</POS2>
			<PRIMARY_AXIS1>1,0,0</PRIMARY_AXIS1>
			<PRIMARY_AXIS2>0.9552726,-0.02034762,0.2950332</PRIMARY_AXIS2>
			<ORTHOGONAL_AXIS1>0,1,0</ORTHOGONAL_AXIS1>
			<ORTHOGONAL_AXIS2>0.2791096,0.3918003,-0.8766921</ORTHOGONAL_AXIS2>
		</JOINT>
		<JOINT id="bip01 r thigh" part1="bip01 r thigh" part2="bip01 spine" type="skeletal">
			<CONE_TYPE>2</CONE_TYPE>
			<CONE_HALF_ANGLE_X>0.4</CONE_HALF_ANGLE_X>
			<CONE_HALF_ANGLE_Y>0.3</CONE_HALF_ANGLE_Y>
			<CONE_STIFFNESS>1000</CONE_STIFFNESS>
			<CONE_DAMPING>1</CONE_DAMPING>
			<TWIST_TYPE>2</TWIST_TYPE>
			<TWIST_HALF_ANGLE>1.570796</TWIST_HALF_ANGLE>
			<TWIST_STIFFNESS>1000</TWIST_STIFFNESS>
			<TWIST_DAMPING>1</TWIST_DAMPING>
			<POS1>0,0,0</POS1>
			<POS2>-0.2061766,0.02357893,-0.1220983</POS2>
			<PRIMARY_AXIS1>1,0,0</PRIMARY_AXIS1>
			<PRIMARY_AXIS2>-0.9685866,-0.2030781,-0.143531</PRIMARY_AXIS2>
			<ORTHOGONAL_AXIS1>0,1,0</ORTHOGONAL_AXIS1>
			<ORTHOGONAL_AXIS2>-0.2165751,0.9725127,0.08552365</ORTHOGONAL_AXIS2>
		</JOINT>
		<JOINT id="bip01 r upperarm" part1="bip01 r upperarm" part2="bip01 r clavicle" type="skeletal">
			<CONE_TYPE>2</CONE_TYPE>
			<CONE_HALF_ANGLE_X>0.5</CONE_HALF_ANGLE_X>
			<CONE_HALF_ANGLE_Y>0.8</CONE_HALF_ANGLE_Y>
			<CONE_STIFFNESS>1000</CONE_STIFFNESS>
			<CONE_DAMPING>1</CONE_DAMPING>
			<TWIST_TYPE>2</TWIST_TYPE>
			<TWIST_HALF_ANGLE>1.570796</TWIST_HALF_ANGLE>
			<TWIST_STIFFNESS>1000</TWIST_STIFFNESS>
			<TWIST_DAMPING>1</TWIST_DAMPING>
			<POS1>0,0,0</POS1>
			<POS2>0.1632959,-3.846583e-008,-8.569284e-008</POS2>
			<PRIMARY_AXIS1>1,0,0</PRIMARY_AXIS1>
			<PRIMARY_AXIS2>0.4320053,-0.09021866,0.8973495</PRIMARY_AXIS2>
			<ORTHOGONAL_AXIS1>0,1,0</ORTHOGONAL_AXIS1>
			<ORTHOGONAL_AXIS2>-0.3755305,0.8866303,0.2699319</ORTHOGONAL_AXIS2>
		</JOINT>
		<JOINT id="bip01 spine" part1="bip01 spine" part2="bip01 pelvis" type="hinge">
			<HIGH_LIMIT>0.4</HIGH_LIMIT>
			<LOW_LIMIT>-0.4</LOW_LIMIT>
			<HIGH_STIFFNESS>1000</HIGH_STIFFNESS>
			<LOW_STIFFNESS>1000</LOW_STIFFNESS>
			<LIMITED>1</LIMITED>
			<MOTORIZED>0</MOTORIZED>
			<DES_VEL>1</DES_VEL>
			<MAX_FORCE>1000</MAX_FORCE>
			<POS1>0,0,0</POS1>
			<POS2>0.2054204,0.0001723993,-1.297002e-005</POS2>
			<PRIMARY_AXIS1>1,0,0</PRIMARY_AXIS1>
			<PRIMARY_AXIS2>0.9974918,0.07007627,0.01002837</PRIMARY_AXIS2>
			<ORTHOGONAL_AXIS1>0,1,0</ORTHOGONAL_AXIS1>
			<ORTHOGONAL_AXIS2>-0.06911593,0.9947053,-0.07605454</ORTHOGONAL_AXIS2>
		</JOINT>
		<JOINT id="bip01 spine1" part1="bip01 spine1" part2="bip01 spine" type="hinge">
			<HIGH_LIMIT>0.4</HIGH_LIMIT>
			<LOW_LIMIT>-0.4</LOW_LIMIT>
			<HIGH_STIFFNESS>1000</HIGH_STIFFNESS>
			<LOW_STIFFNESS>1000</LOW_STIFFNESS>
			<LIMITED>1</LIMITED>
			<MOTORIZED>0</MOTORIZED>
			<DES_VEL>1</DES_VEL>
			<MAX_FORCE>1000</MAX_FORCE>
			<POS1>0,0,0</POS1>
			<POS2>0.2176845,0.0001674706,1.125792e-005</POS2>
			<PRIMARY_AXIS1>1,0,0</PRIMARY_AXIS1>
			<PRIMARY_AXIS2>0.9678143,0.2516682,-0.000982934</PRIMARY_AXIS2>
			<ORTHOGONAL_AXIS1>0,1,0</ORTHOGONAL_AXIS1>
			<ORTHOGONAL_AXIS2>-0.2510747,0.9657832,0.064996</ORTHOGONAL_AXIS2>
		</JOINT>
		<JOINT id="bip01 spine2" part1="bip01 spine2" part2="bip01 spine1" type="hinge">
			<HIGH_LIMIT>0.4</HIGH_LIMIT>
			<LOW_LIMIT>-0.4</LOW_LIMIT>
			<HIGH_STIFFNESS>1000</HIGH_STIFFNESS>
			<LOW_STIFFNESS>1000</LOW_STIFFNESS>
			<LIMITED>1</LIMITED>
			<MOTORIZED>0</MOTORIZED>
			<DES_VEL>1</DES_VEL>
			<MAX_FORCE>1000</MAX_FORCE>
			<POS1>0,0,0</POS1>
			<POS2>0.2177465,0.0001413536,-6.029373e-009</POS2>
			<PRIMARY_AXIS1>1,0,0</PRIMARY_AXIS1>
			<PRIMARY_AXIS2>0.9917707,-0.1280444,3.660217e-007</PRIMARY_AXIS2>
			<ORTHOGONAL_AXIS1>0,1,0</ORTHOGONAL_AXIS1>
			<ORTHOGONAL_AXIS2>0.1280434,0.9917686,5.691694e-008</ORTHOGONAL_AXIS2>
		</JOINT>
	</ASSET>
	<ASSET id="BossRag" graphic="Boss.PSK" scale="0.02" mass_scale="1" length_scale="1">
		<GEOMETRY id="bip01 head">
			<PRIMITIVE id="bip01 head_1" type="sphere">
				<RADIUS>0.1152943</RADIUS>
				<TM>1,0,0,0,0,1,0,0,0,0,1,0,0.1896508,0.003763447,0.007297201,1</TM>
			</PRIMITIVE>
		</GEOMETRY>
		<GEOMETRY id="bip01 l calf">
			<PRIMITIVE id="bip01 l calf_1" type="sphyl">
				<RADIUS>0.1089571</RADIUS>
				<HEIGHT>0.7075871</HEIGHT>
				<TM>1.153414e-008,-0.9137509,0.406275,0,7.315602e-008,-0.406275,-0.9137509,0,1,1.077955e-007,-3.089998e-009,0,0.3537936,3.304747e-008,5.400023e-009,1</TM>
			</PRIMITIVE>
		</GEOMETRY>
		<GEOMETRY id="bip01 l clavicle">
			<PRIMITIVE id="bip01 l clavicle_1" type="sphyl">
				<RADIUS>0.1266652</RADIUS>
				<HEIGHT>0.1839726</HEIGHT>
				<TM>-9.521157e-007,0.2446061,-0.9696224,0,1.643213e-007,0.9696226,0.2446062,0,1,7.178007e-008,-9.502376e-007,0,0.0919863,-6.336787e-009,-4.973561e-008,1</TM>
			</PRIMITIVE>
		</GEOMETRY>
		<GEOMETRY id="bip01 l foot">
			<PRIMITIVE id="bip01 l foot_1" type="sphyl">
				<RADIUS>0.07561111</RADIUS>
				<HEIGHT>0.2652423</HEIGHT>
				<TM>-0.7792496,-0.605498,0.1616866,0,-0.127674,-0.09920625,-0.9868422,0,0.6135712,-0.7896395,7.282871e-008,0,0.08137253,-0.1047229,4.616097e-009,1</TM>
			</PRIMITIVE>
		</GEOMETRY>
		<GEOMETRY id="bip01 l forearm">
			<PRIMITIVE id="Gun" type="sphyl">
				<RADIUS>0.2</RADIUS>
				<HEIGHT>0.6</HEIGHT>
				<TM>-0.1437386,-0.07725657,0.9865953,0,0.1913493,0.9759642,0.1043021,0,-0.9709399,0.2037765,-0.1255008,0,0.5713999,-0.1376351,0.0141171,1</TM>
			</PRIMITIVE>
			<PRIMITIVE id="bip01 l forearm_1" type="sphere">
				<RADIUS>0.08383104</RADIUS>
				<TM>1,0,0,0,0,1,0,0,0,0,1,0,0.07772259,0.01341267,-0.008610277,1</TM>
			</PRIMITIVE>
		</GEOMETRY>
		<GEOMETRY id="bip01 l thigh">
			<PRIMITIVE id="bip01 l thigh_1" type="sphyl">
				<RADIUS>0.1433157</RADIUS>
				<HEIGHT>0.7075871</HEIGHT>
				<TM>9.842336e-008,0.3588057,0.9334123,0,1.470092e-008,-0.9334123,0.3588058,0,1,-5.418283e-008,-1.353743e-007,0,0.3537934,-4.426583e-008,-5.317156e-008,1</TM>
			</PRIMITIVE>
		</GEOMETRY>
		<GEOMETRY id="bip01 l upperarm">
			<PRIMITIVE id="bip01 l upperarm_1" type="sphyl">
				<RADIUS>0.1052037</RADIUS>
				<HEIGHT>0.4245522</HEIGHT>
				<TM>-2.417925e-007,-0.564904,-0.8251565,0,-8.979697e-009,0.8251566,-0.5649041,0,0.9999999,-1.061277e-007,-1.364841e-007,0,0.2122761,-5.685802e-008,-1.025914e-007,1</TM>
			</PRIMITIVE>
		</GEOMETRY>
		<GEOMETRY id="bip01 pelvis">
			<PRIMITIVE id="bip01 pelvis_1" type="sphere">
				<RADIUS>0.1811394</RADIUS>
